0.672031581401825 
0.627700924873352 
0.539738655090332 
0.4349912703037262 
0.4260067343711853 
0.4208206236362457 
0.4381275773048401 
0.4394857883453369 
0.39557257294654846 
0.4653741419315338 
0.4051324725151062 
0.4079173505306244 
0.41441264748573303 
0.3842698931694031 
0.3903120160102844 
0.3775744140148163 
0.3849163353443146 
0.36801138520240784 
0.36876922845840454 
0.3782748579978943 
0.39566561579704285 
0.38308435678482056 
0.39564454555511475 
0.3688511252403259 
0.390971839427948 
0.4112313687801361 
0.38567477464675903 
0.3767358362674713 
0.39923208951950073 
0.35351213812828064 
0.36830416321754456 
0.37906554341316223 
0.37826672196388245 
0.3889508545398712 
0.3838534951210022 
0.3570987582206726 
0.365524023771286 
0.4029722809791565 
0.3693402409553528 
0.3735198378562927 
0.374900221824646 
0.4238397181034088 
0.37711799144744873 
0.37609878182411194 
0.3734860420227051 
0.3902389705181122 
0.40936511754989624 
0.38701313734054565 
0.3827563226222992 
0.35682740807533264 
0.35228073596954346 
0.33751946687698364 
0.3875158727169037 
0.3240147531032562 
0.44042930006980896 
0.371372252702713 
0.3462620973587036 
0.35796675086021423 
0.35093778371810913 
0.39131736755371094 
0.3671727478504181 
0.3525150716304779 
0.36939406394958496 
0.34779736399650574 
0.3821313977241516 
0.35781756043434143 
0.34643229842185974 
0.34413471817970276 
0.3831034004688263 
0.33683472871780396 
0.3599320352077484 
0.37403494119644165 
0.37774544954299927 
0.3482162058353424 
0.3710774779319763 
0.3433700501918793 
0.3665143847465515 
0.3584144711494446 
0.34374600648880005 
0.3122502267360687 
0.36300501227378845 
0.34942862391471863 
0.34907498955726624 
0.3313390612602234 
0.3397804796695709 
0.34797412157058716 
0.34253257513046265 
0.33233827352523804 
0.34130364656448364 
0.3415575623512268 
0.3756805956363678 
0.3575619161128998 
0.3656889796257019 
0.3618587553501129 
0.34305161237716675 
0.3958803713321686 
0.34263840317726135 
0.3225102722644806 
0.35030680894851685 
0.3142707943916321 
0.3454170525074005 
0.3082231879234314 
0.34581005573272705 
0.36606359481811523 
0.3431532382965088 
0.3342074453830719 
0.3424871265888214 
0.3442936837673187 
0.3442605137825012 
0.3209020793437958 
0.3432215452194214 
0.3395688533782959 
0.3307535946369171 
0.3488081097602844 
0.3391665816307068 
0.3466152250766754 
0.33555546402931213 
0.31509989500045776 
0.3336210250854492 
0.34503915905952454 
0.34424668550491333 
0.33360689878463745 
0.34714215993881226 
0.3197706937789917 
0.3464033007621765 
0.339226633310318 
0.3663332760334015 
0.32526955008506775 
0.34881216287612915 
0.31381756067276 
0.3522995114326477 
0.3272746503353119 
0.3316788077354431 
0.33780404925346375 
0.33931902050971985 
0.3308250606060028 
0.35235148668289185 
0.31521326303482056 
0.34969228506088257 
0.3171113133430481 
0.32363778352737427 
0.364907443523407 
0.3323798179626465 
0.32756948471069336 
0.3288818299770355 
0.3305061459541321 
0.3080981373786926 
0.32317203283309937 
0.3393429219722748 
0.32767045497894287 
0.32090696692466736 
0.27287784218788147 
0.3161201477050781 
0.3298371434211731 
0.33144259452819824 
0.30064019560813904 
0.3219585120677948 
0.3189803957939148 
0.3299061059951782 
0.3132241368293762 
0.3146147131919861 
0.28864219784736633 
0.31160658597946167 
0.2678808569908142 
0.2986026704311371 
0.31045323610305786 
0.3218940198421478 
0.31662461161613464 
0.3394812047481537 
0.2999889850616455 
0.2947341501712799 
0.2626129984855652 
0.3139353394508362 
0.3133618235588074 
0.30203977227211 
0.284315824508667 
0.29846733808517456 
0.2802220582962036 
0.31997624039649963 
0.2853960692882538 
0.29495203495025635 
0.2969055771827698 
0.3092585504055023 
0.27485743165016174 
0.2871028780937195 
0.2513510286808014 
0.3120432496070862 
0.3228870928287506 
0.30278706550598145 
0.29420971870422363 
0.30562812089920044 
0.29412445425987244 
0.3212522864341736 
0.2828884720802307 
0.3266395330429077 
0.2832750380039215 
0.3102523684501648 
0.2880823016166687 
0.3039570450782776 
0.26928189396858215 
0.3074823021888733 
0.2505147457122803 
0.2957890033721924 
0.2988629639148712 
0.3114527463912964 
0.27708232402801514 
0.29440659284591675 
0.2330813854932785 
0.28203633427619934 
0.26525360345840454 
0.2834537923336029 
0.2527223229408264 
0.32620832324028015 
0.2617745101451874 
0.3301694691181183 
0.25589874386787415 
0.311617374420166 
0.24256280064582825 
0.2837009131908417 
0.26105010509490967 
0.3340018391609192 
0.28087103366851807 
0.3079591393470764 
0.3170105218887329 
0.3332064747810364 
0.29050546884536743 
0.3237341344356537 
0.3073842227458954 
0.274496853351593 
0.25977185368537903 
0.30840185284614563 
0.27438870072364807 
0.3197872042655945 
0.251781165599823 
0.3200512230396271 
0.281712144613266 
0.3022669851779938 
0.32189351320266724 
0.31570497155189514 
0.2547604441642761 
0.29890283942222595 
0.2562152147293091 
0.30843061208724976 
0.2595570385456085 
0.31252291798591614 
0.28073006868362427 
0.3107425570487976 
0.2917189598083496 
0.3028547167778015 
0.27631086111068726 
0.3214251399040222 
0.25726383924484253 
0.30231186747550964 
0.26928964257240295 
0.3353317379951477 
0.2646499574184418 
0.29510825872421265 
0.298530250787735 
0.3060256838798523 
0.25161510705947876 
0.3051362931728363 
0.24752846360206604 
0.32050198316574097 
0.23970909416675568 
0.32422441244125366 
0.2540586292743683 
0.3082887530326843 
0.2832169234752655 
0.3248457908630371 
0.2530539035797119 
0.2767678201198578 
0.2700648903846741 
0.28582578897476196 
0.31203192472457886 
0.31022852659225464 
0.2781076729297638 
0.2893246114253998 
0.263944149017334 
0.28033047914505005 
0.2645847201347351 
0.29454129934310913 
0.26087692379951477 
0.2672365605831146 
0.2672145664691925 
0.29903444647789 
0.2870105803012848 
0.30890583992004395 
0.31755274534225464 
0.2860454022884369 
0.2630572021007538 
0.2874036431312561 
0.2823370099067688 
0.3174508213996887 
0.24450138211250305 
0.2986202836036682 
0.23267599940299988 
0.2993012070655823 
0.23062162101268768 
0.32705849409103394 
0.257853627204895 
0.2929903268814087 
0.26658308506011963 
0.3274564743041992 
0.26378339529037476 
0.30629587173461914 
0.2948485314846039 
0.3065463900566101 
0.2250632345676422 
0.30626362562179565 
0.28932735323905945 
0.30077147483825684 
0.2917126715183258 
0.3068428933620453 
0.25758615136146545 
0.29800519347190857 
0.2861658036708832 
0.2735387980937958 
0.2676315903663635 
0.31765875220298767 
0.26689642667770386 
0.3040738105773926 
0.2726057469844818 
0.33141493797302246 
0.2421184778213501 
0.3240763247013092 
0.2976226210594177 
0.3321188986301422 
0.266761839389801 
0.26895633339881897 
0.27306875586509705 
0.2978503704071045 
0.25872015953063965 
0.2829419672489166 
0.24213774502277374 
0.31087756156921387 
0.2661217749118805 
0.33610719442367554 
0.2677217125892639 
0.3385602831840515 
0.24242845177650452 
0.31465429067611694 
0.2285660058259964 
0.27003225684165955 
0.27204054594039917 
0.29180246591567993 
0.26525789499282837 
0.29710647463798523 
0.2580554485321045 
0.31410637497901917 
0.2615997791290283 
0.28961503505706787 
0.27638453245162964 
0.30025920271873474 
0.2730202078819275 
0.2804732322692871 
0.28345102071762085 
0.2833440601825714 
0.32371002435684204 
0.2996819317340851 
0.29175376892089844 
0.2989566922187805 
0.2797030806541443 
0.2948528230190277 
0.282854288816452 
0.2809019684791565 
0.2552069425582886 
0.27019327878952026 
0.24516959488391876 
0.2759043574333191 
0.24071264266967773 
0.2767665982246399 
0.30034762620925903 
0.28122591972351074 
0.31736069917678833 
0.2858474850654602 
0.2560572624206543 
0.2788355350494385 
0.2826620936393738 
0.28492897748947144 
0.2744450271129608 
0.27796298265457153 
0.3072879910469055 
0.326148122549057 
0.23868434131145477 
0.2510320544242859 
0.2900768220424652 
0.3044687807559967 
0.25729966163635254 
0.26399192214012146 
0.31810349225997925 
0.24666805565357208 
0.23610809445381165 
0.2679199278354645 
0.2747806906700134 
0.29216551780700684 
0.2149163782596588 
0.2718689739704132 
0.2565903067588806 
0.28332215547561646 
0.29933974146842957 
0.29534807801246643 
0.23494580388069153 
0.26106759905815125 
0.25246116518974304 
0.2880765199661255 
0.2502058148384094 
0.2543511986732483 
0.24827563762664795 
0.29344290494918823 
0.24605533480644226 
0.28892508149147034 
0.2874163091182709 
0.25760260224342346 
0.25115177035331726 
0.2738901972770691 
0.32436686754226685 
0.2560686469078064 
0.27198392152786255 
0.28967922925949097 
0.25588351488113403 
0.2623465657234192 
0.23103375732898712 
0.241597980260849 
0.32250458002090454 
0.2830584645271301 
0.2778955101966858 
0.31145423650741577 
0.27966341376304626 
0.2582094669342041 
0.24172942340373993 
0.2455146759748459 
0.2830849289894104 
0.24559740722179413 
0.30099359154701233 
0.22740113735198975 
0.30024248361587524 
0.27139589190483093 
0.336601197719574 
0.258666068315506 
0.3571978211402893 
0.2789263129234314 
0.29914921522140503 
0.24367645382881165 
0.2862960994243622 
0.2539481520652771 
0.2947138249874115 
0.28438687324523926 
0.32911625504493713 
0.2640463709831238 
0.3011622726917267 
0.24637028574943542 
0.2644430100917816 
0.28101450204849243 
0.3131185472011566 
0.26773911714553833 
0.29641279578208923 
0.24906213581562042 
0.30785149335861206 
0.22660119831562042 
0.2809557020664215 
0.24792709946632385 
0.2647470533847809 
0.25531667470932007 
0.31088384985923767 
0.2847330570220947 
0.31383389234542847 
0.24064099788665771 
0.24684567749500275 
0.28607529401779175 
0.28389400243759155 
0.2689357399940491 
0.33736222982406616 
0.2614349126815796 
0.2583598494529724 
0.24744054675102234 
0.30494964122772217 
0.2605191171169281 
0.3000297248363495 
0.2490154206752777 
0.3285374343395233 
0.2542206048965454 
0.3012027442455292 
0.26351720094680786 
0.31659629940986633 
0.24647684395313263 
0.3084462583065033 
0.2539830207824707 
0.292170912027359 
0.24248845875263214 
0.30621853470802307 
0.2436661422252655 
0.30851295590400696 
0.25737956166267395 
0.2725145220756531 
0.25501909852027893 
0.2758729159832001 
0.2509220242500305 
0.2704688608646393 
0.26798495650291443 
0.2831198275089264 
