0.28853631019592285 
0.3807497024536133 
0.29991400241851807 
0.24398104846477509 
0.27189573645591736 
0.24142354726791382 
0.2515449523925781 
0.24132169783115387 
0.2427174150943756 
0.21772591769695282 
0.17803627252578735 
0.1696513593196869 
0.1882442831993103 
0.17666664719581604 
0.15081843733787537 
0.1969446837902069 
0.17703546583652496 
0.16325896978378296 
0.14441624283790588 
0.1530328392982483 
0.2070510983467102 
0.15849348902702332 
0.22169780731201172 
0.17036554217338562 
0.18932653963565826 
0.17669793963432312 
0.1789763867855072 
0.15665486454963684 
0.20142538845539093 
0.18377850949764252 
0.17354816198349 
0.17121946811676025 
0.17154917120933533 
0.14587149024009705 
0.17049084603786469 
0.1790957748889923 
0.1520649790763855 
0.14500539004802704 
0.19084525108337402 
0.13716764748096466 
0.12624269723892212 
0.16871590912342072 
0.13175860047340393 
0.18654848635196686 
0.1448010802268982 
0.16373109817504883 
0.12812094390392303 
0.11710420250892639 
0.16004598140716553 
0.145573228597641 
0.14724266529083252 
0.12329711019992828 
0.15952272713184357 
0.14819520711898804 
0.1479695588350296 
0.14581166207790375 
0.1535666435956955 
0.11852365732192993 
0.12700390815734863 
0.15604811906814575 
0.1488315314054489 
0.147499680519104 
0.13301344215869904 
0.128071129322052 
0.12527957558631897 
0.13501213490962982 
0.12034913152456284 
0.12464860081672668 
0.1304701268672943 
0.1352710872888565 
0.1331270933151245 
0.17407146096229553 
0.13995268940925598 
0.13436919450759888 
0.17196246981620789 
0.16697323322296143 
0.1691843718290329 
0.14784952998161316 
0.1523277759552002 
0.1485138237476349 
0.13835926353931427 
0.15083317458629608 
0.13786140084266663 
0.17249353229999542 
0.16898685693740845 
0.13237175345420837 
0.13336701691150665 
0.1283879578113556 
0.13368378579616547 
0.12905848026275635 
0.13018681108951569 
0.14692270755767822 
0.16416271030902863 
0.12393320351839066 
0.15813641250133514 
0.14301779866218567 
0.17513035237789154 
0.13336235284805298 
0.11388783901929855 
0.158288836479187 
0.15818023681640625 
0.1388893723487854 
0.14137879014015198 
0.12916168570518494 
0.12312282621860504 
0.09250010550022125 
0.10613169521093369 
0.12155627459287643 
0.1175002008676529 
0.11351540684700012 
0.10322961211204529 
0.1247040405869484 
0.11145232617855072 
0.13626648485660553 
0.09415806829929352 
0.11685642600059509 
0.08077903836965561 
0.12320714443922043 
0.13682696223258972 
0.10182329267263412 
0.08924071490764618 
0.09507809579372406 
0.13015320897102356 
0.09674795717000961 
0.0988379716873169 
0.07673370838165283 
0.08410518616437912 
0.08230632543563843 
0.12595617771148682 
0.10148993134498596 
0.13451388478279114 
0.08064909279346466 
0.0887606292963028 
0.09064793586730957 
0.0979667454957962 
0.08495256304740906 
0.08275569975376129 
0.10514349490404129 
0.10930455476045609 
0.12083019316196442 
0.08537255972623825 
0.09834574908018112 
0.08433399349451065 
0.08644053339958191 
0.08446528017520905 
0.09723909199237823 
0.0859106108546257 
0.08952345699071884 
0.10310795158147812 
0.07083043456077576 
0.07835455238819122 
0.09324787557125092 
0.09103944897651672 
0.09623047709465027 
0.08134637027978897 
0.09298159182071686 
0.09456545859575272 
0.10651867091655731 
0.08765475451946259 
0.09870027005672455 
0.06587284803390503 
0.11027315258979797 
0.10617691278457642 
0.07636162638664246 
0.07466733455657959 
0.08726169168949127 
0.07618984580039978 
0.09451924264431 
0.07000529021024704 
0.1098070964217186 
0.09646272659301758 
0.08606573939323425 
0.08000287413597107 
0.06210105121135712 
0.07464306056499481 
0.0734775960445404 
0.08364949375391006 
0.08513577282428741 
0.06688988208770752 
0.08155234158039093 
0.07821600139141083 
0.07661321759223938 
0.08949197083711624 
0.08532433956861496 
0.10603613406419754 
0.08631576597690582 
0.08155126124620438 
0.057392679154872894 
0.09679693728685379 
0.0742078423500061 
0.06792560964822769 
0.07610373944044113 
0.09160708636045456 
0.06603309512138367 
0.07529093325138092 
0.0872080996632576 
0.0647803321480751 
0.06683517247438431 
0.07197640091180801 
0.06729142367839813 
0.1133909821510315 
0.11300040036439896 
0.0805693119764328 
0.07399077713489532 
0.05699092894792557 
0.063789002597332 
0.07460742443799973 
0.06645648181438446 
0.06264788657426834 
0.06662490218877792 
0.05441080406308174 
0.05301463603973389 
0.09321018308401108 
0.06568990647792816 
0.07334598153829575 
0.08359166979789734 
0.06665438413619995 
0.0707961842417717 
0.06793806701898575 
0.05534068122506142 
0.05636947229504585 
0.07188399136066437 
0.03919905796647072 
0.05721510946750641 
0.05127767473459244 
0.06381507217884064 
0.04640311002731323 
0.0428018644452095 
0.0630047544836998 
0.05992623418569565 
0.06247348338365555 
0.08418966829776764 
0.0585583820939064 
0.09162846207618713 
0.06866530328989029 
0.09821759909391403 
0.06571289896965027 
0.10066615045070648 
0.07115156948566437 
0.11495580524206161 
0.05080704763531685 
0.06992105394601822 
0.06835726648569107 
0.06909535825252533 
0.07375217974185944 
0.06495071947574615 
0.05276433378458023 
0.04422235116362572 
0.0581509992480278 
0.06614207476377487 
0.04022032767534256 
0.0665687546133995 
0.07008667290210724 
0.05548503249883652 
0.040299803018569946 
0.05896250158548355 
0.051807042211294174 
0.04915948957204819 
0.044344138354063034 
0.052738457918167114 
0.04802080616354942 
0.06469716131687164 
0.05788770318031311 
0.06520228087902069 
0.07141980528831482 
0.06394341588020325 
0.07006319612264633 
0.06972804665565491 
0.06758489459753036 
0.0610545352101326 
0.07399093359708786 
0.06124497950077057 
0.06318891793489456 
0.05354364961385727 
0.05848746746778488 
0.07199583202600479 
0.04791233688592911 
0.04256777837872505 
0.042720161378383636 
0.06864266097545624 
0.041648223996162415 
0.0661158412694931 
0.06558896601200104 
0.06983377784490585 
0.0632796362042427 
0.0748608410358429 
0.04397785663604736 
0.05958302691578865 
0.05036132410168648 
0.06136312335729599 
0.05849412828683853 
0.0678691416978836 
0.06923993676900864 
0.05723939836025238 
0.055624037981033325 
0.06336866319179535 
0.03709903359413147 
0.053035423159599304 
0.030547035858035088 
0.04099229723215103 
0.06247193366289139 
0.06411179155111313 
0.03795545920729637 
0.06803335249423981 
0.0471525676548481 
0.0391659177839756 
0.04090000316500664 
0.058427173644304276 
0.04697537422180176 
0.053250618278980255 
0.0565011203289032 
0.04175674915313721 
0.027868755161762238 
0.041636496782302856 
0.06405236572027206 
0.04613429307937622 
0.05244496837258339 
0.06719962507486343 
0.04470393434166908 
0.06425098329782486 
0.03672702610492706 
0.033082038164138794 
0.04437273368239403 
0.051756735891103745 
0.06010632961988449 
0.05092840641736984 
0.05368579179048538 
0.03424755856394768 
0.045153114944696426 
0.0555436834692955 
0.04786629229784012 
0.03543296083807945 
0.03884222358465195 
0.04527204483747482 
0.04135880991816521 
0.0556347593665123 
0.04081055521965027 
0.02518853358924389 
0.042789630591869354 
0.03631684556603432 
0.05101526528596878 
0.031238988041877747 
0.05375782400369644 
0.06765171885490417 
0.05758722499012947 
0.0581761933863163 
0.06109963729977608 
0.07069046795368195 
0.05467866361141205 
0.06968759000301361 
0.06576982885599136 
0.059242133051157 
0.0482657216489315 
0.03524140641093254 
0.04488897696137428 
0.04925445467233658 
0.055783819407224655 
0.04443058744072914 
0.0655609518289566 
0.05645259469747543 
0.08793720602989197 
0.05582251772284508 
0.04305760934948921 
0.07137437909841537 
0.05623970925807953 
0.04813558608293533 
0.040077462792396545 
0.04075349494814873 
0.03874963894486427 
0.04080577939748764 
0.04680122435092926 
0.05430245026946068 
0.04268958792090416 
0.03624269738793373 
0.03905592858791351 
0.03988145664334297 
0.05506528168916702 
0.03557831794023514 
0.059914328157901764 
0.03582831099629402 
0.0425206758081913 
0.06347162276506424 
0.03193211555480957 
0.0466114841401577 
0.05342775210738182 
0.021974695846438408 
0.02723805233836174 
0.039691012352705 
0.04740636795759201 
0.04337199404835701 
0.060684189200401306 
0.06808716803789139 
0.06670335680246353 
0.05037709325551987 
0.09666690230369568 
0.06545266509056091 
0.04933004826307297 
0.03885950893163681 
0.04597741737961769 
0.05682310461997986 
0.043246783316135406 
0.06728674471378326 
0.041247688233852386 
0.04087314009666443 
0.03167586401104927 
0.029280468821525574 
0.050763677805662155 
0.04075673222541809 
0.04789578542113304 
0.04091637581586838 
0.04298543184995651 
0.03271479904651642 
0.05618035048246384 
0.0408913679420948 
0.054750680923461914 
0.045431483536958694 
0.050415538251399994 
0.03189700096845627 
0.05925538390874863 
0.03573226183652878 
0.026006687432527542 
0.03944066911935806 
0.03936058655381203 
0.04006706178188324 
0.019182896241545677 
0.042103104293346405 
0.07176674902439117 
0.0531182698905468 
0.06560894101858139 
0.03977598994970322 
0.036659806966781616 
0.056145668029785156 
0.049635883420705795 
0.05083318054676056 
0.05557778477668762 
0.05194719135761261 
0.03256251662969589 
0.04861300438642502 
0.056815072894096375 
0.05482836440205574 
0.04410402476787567 
0.04452903941273689 
0.05143748223781586 
0.04798915237188339 
0.04386954754590988 
0.06141079217195511 
0.04800017550587654 
0.039059221744537354 
0.03910162299871445 
0.03917272761464119 
0.042115237563848495 
0.05256151407957077 
0.03982657194137573 
0.0444444976747036 
0.053539201617240906 
0.03809079900383949 
0.03965532034635544 
0.054098017513751984 
0.049875710159540176 
0.053775642067193985 
0.041961558163166046 
0.058731675148010254 
0.04472535103559494 
0.04602320119738579 
0.05915030464529991 
0.04055023193359375 
0.05612371861934662 
0.07360830903053284 
0.06684873253107071 
0.062162138521671295 
0.06364504247903824 
0.04684307798743248 
0.052711352705955505 
0.035980697721242905 
0.04877500236034393 
0.04835891351103783 
0.045567356050014496 
0.02914947271347046 
0.03484148532152176 
0.05575282499194145 
0.05671335384249687 
0.05413366109132767 
0.05545687675476074 
0.05081610009074211 
0.06842244416475296 
0.08675947785377502 
0.04124927520751953 
0.04306017607450485 
0.03499489650130272 
0.0634712278842926 
0.05033738166093826 
0.04501368850469589 
0.05133519321680069 
0.04129137843847275 
0.0417063906788826 
0.043738603591918945 
0.046263717114925385 
0.057487696409225464 
0.03171166032552719 
0.057525020092725754 
0.03471377119421959 
0.043794237077236176 
0.039516255259513855 
0.07204900681972504 
0.05763525515794754 
0.03633374348282814 
0.062188126146793365 
0.03956165909767151 
0.051216911524534225 
0.046406570822000504 
0.05802994221448898 
0.04158493131399155 
0.06334548443555832 
0.05567376688122749 
0.05017980933189392 
0.050131045281887054 
0.029142459854483604 
0.0636824518442154 
0.04958505183458328 
0.043539710342884064 
0.04105857387185097 
0.05856308713555336 
0.045082591474056244 
0.06747579574584961 
0.056294094771146774 
0.05569253861904144 
0.038713488727808 
0.053852181881666183 
0.03214295208454132 
0.04859381169080734 
0.03797413408756256 
0.04175568372011185 
0.0384531170129776 
0.03952380642294884 
0.03334631025791168 
0.038203127682209015 
0.05547462776303291 
0.06192508339881897 
0.04672832414507866 
0.060517556965351105 
0.0444595031440258 
0.06007292866706848 
0.0348140150308609 
0.05181339010596275 
0.04449909180402756 
0.03806096315383911 
0.040664564818143845 
0.03424058482050896 
0.043491486459970474 
0.05877785012125969 
0.08160120248794556 
0.05353225767612457 
0.0855121910572052 
0.0753755271434784 
0.06420581042766571 
0.03992705047130585 
0.05094016343355179 
0.09425690025091171 
0.039158254861831665 
0.04318168759346008 
0.02451011911034584 
0.047898389399051666 
0.04117394983768463 
0.04294651001691818 
0.04433378204703331 
0.05435601621866226 
0.07715687155723572 
0.06324604153633118 
0.0960385799407959 
0.03254660964012146 
0.06484448909759521 
0.04972304776310921 
0.03928182274103165 
0.036203473806381226 
0.028425347059965134 
0.0373590886592865 
0.04137839749455452 
0.044227760285139084 
0.059079673141241074 
0.030538585036993027 
0.028144074603915215 
0.026504237204790115 
0.04784076660871506 
0.04599033296108246 
0.03245600685477257 
0.04053819924592972 
0.04618924856185913 
0.0491236075758934 
0.05028441920876503 
0.054278429597616196 
0.10288995504379272 
0.03789777308702469 
0.04641648381948471 
0.04616465047001839 
0.03303021565079689 
0.053320497274398804 
0.03813408315181732 
0.04069796949625015 
0.044886939227581024 
0.023811066523194313 
0.047662511467933655 
0.022796962410211563 
0.03001389652490616 
0.040181972086429596 
0.026733454316854477 
0.04134868457913399 
0.03222586214542389 
0.04418734088540077 
0.019351264461874962 
0.03457757830619812 
0.030886773020029068 
0.029641957953572273 
0.03758583217859268 
0.013907006941735744 
0.03360331431031227 
0.013584937900304794 
0.02603616937994957 
0.033804409205913544 
0.0467924065887928 
0.034597739577293396 
0.034732215106487274 
0.02583318017423153 
0.02831774763762951 
0.026276808232069016 
0.05082472786307335 
0.07547977566719055 
0.04168494790792465 
0.04813219979405403 
0.05181438848376274 
0.03646983206272125 
0.0497007817029953 
0.029799405485391617 
0.02639319747686386 
0.036646075546741486 
0.033341117203235626 
0.04494486749172211 
0.030390338972210884 
0.04067470133304596 
0.048312969505786896 
0.04479749873280525 
0.05845116823911667 
0.0479983352124691 
0.034512292593717575 
0.02453513815999031 
0.06205898895859718 
0.03275436535477638 
0.031073112040758133 
0.04223356395959854 
0.03953429311513901 
0.035848140716552734 
0.04234727844595909 
0.03444039076566696 
0.038372065871953964 
0.03559739142656326 
0.02414650097489357 
0.02380334585905075 
0.03223693370819092 
0.023491330444812775 
0.04178941622376442 
0.0257541723549366 
0.03132960945367813 
0.03971920162439346 
0.049921080470085144 
0.030178166925907135 
0.029460694640874863 
0.03469033166766167 
0.03153592348098755 
0.03429307043552399 
0.04912712052464485 
0.026207707822322845 
0.06393995881080627 
0.03828899562358856 
0.058047279715538025 
0.04609150066971779 
0.03335435315966606 
0.049363814294338226 
0.05022197589278221 
0.027397848665714264 
0.041055187582969666 
0.030842674896121025 
0.08157875388860703 
0.04886975884437561 
0.04653948172926903 
0.03467065095901489 
0.033155202865600586 
0.05164913088083267 
0.041527748107910156 
0.041017234325408936 
0.02514280006289482 
0.03470576927065849 
0.04519178718328476 
0.03514883294701576 
0.042773909866809845 
0.05254274606704712 
0.04528485983610153 
0.03719007223844528 
0.040164291858673096 
0.034034110605716705 
0.05463021621108055 
0.032144155353307724 
0.03617897629737854 
0.03510071337223053 
0.05621371790766716 
0.03661665320396423 
0.038081083446741104 
0.029165126383304596 
0.03850484639406204 
0.05265062302350998 
0.03408203646540642 
0.04158053174614906 
0.03872433304786682 
0.0323263481259346 
0.03440672904253006 
0.05517164617776871 
0.0269247405230999 
0.03132343292236328 
0.04091945290565491 
0.02441185712814331 
0.025110911577939987 
0.023164719343185425 
0.039590127766132355 
0.03897152841091156 
0.04499981924891472 
0.03315941244363785 
0.014328176155686378 
0.03826647624373436 
0.02341528981924057 
0.02111864648759365 
0.015578891150653362 
0.022251907736063004 
0.032175563275814056 
0.019432134926319122 
0.04992267116904259 
0.032441578805446625 
0.028993364423513412 
0.030381791293621063 
0.029795963317155838 
0.043185487389564514 
0.07225149124860764 
0.032554395496845245 
0.03425631672143936 
0.04466093331575394 
0.038068950176239014 
0.030296992510557175 
0.045711155980825424 
0.05136353150010109 
0.029211509972810745 
0.04966483265161514 
0.030881743878126144 
0.03229919448494911 
0.020816335454583168 
0.023438995704054832 
0.03889679163694382 
0.03646655008196831 
0.06863784790039062 
0.06064809486269951 
0.07923015207052231 
0.07135003060102463 
0.02991405688226223 
0.05564727634191513 
0.046047985553741455 
0.042711298912763596 
0.028886964544653893 
0.04339882358908653 
0.04036123305559158 
0.04678185656666756 
0.06374409049749374 
0.04074960947036743 
0.05963517725467682 
0.04144022613763809 
0.050632987171411514 
0.040686920285224915 
0.05590927228331566 
0.04236733168363571 
0.04511820524930954 
0.03222585842013359 
0.04197871685028076 
0.040670741349458694 
0.053405117243528366 
0.02132190763950348 
0.049512479454278946 
0.034069713205099106 
0.04183889180421829 
0.04876404255628586 
0.020979303866624832 
0.04175486043095589 
0.03280650079250336 
0.04308281093835831 
0.05271342024207115 
0.05355462059378624 
0.04582364112138748 
0.08325757831335068 
0.039712268859148026 
0.03691960126161575 
0.029254190623760223 
0.04433774575591087 
0.07120995968580246 
0.04420164227485657 
0.040141183882951736 
0.02798141911625862 
0.03492508456110954 
0.029446685686707497 
0.02582053281366825 
0.014142438769340515 
0.03891237825155258 
0.05439428985118866 
0.03868427872657776 
0.04400337114930153 
0.052137717604637146 
0.024998124688863754 
0.031073547899723053 
0.028696436434984207 
0.01954236999154091 
0.027186580002307892 
0.029035191982984543 
0.03956420719623566 
0.020179705694317818 
0.034732185304164886 
0.04014160856604576 
0.031275078654289246 
0.03564191237092018 
0.035962700843811035 
0.03812894970178604 
0.03698183596134186 
0.03353859484195709 
0.055949609726667404 
0.040797408670186996 
0.027093419805169106 
0.02915782295167446 
0.028628814965486526 
0.04057269170880318 
0.01734302192926407 
0.037270836532115936 
0.0324537456035614 
0.031555306166410446 
0.04328498616814613 
0.0276100505143404 
0.0335259735584259 
0.02931804023683071 
0.0395192988216877 
0.027558157220482826 
0.05405189096927643 
0.03570755943655968 
0.040350887924432755 
0.042629703879356384 
0.051949843764305115 
0.025495968759059906 
0.041878193616867065 
0.02859323099255562 
0.04155914485454559 
0.040783390402793884 
0.04279281198978424 
0.02642861194908619 
0.038204558193683624 
0.045636922121047974 
0.02417653612792492 
0.014471247792243958 
0.045288801193237305 
0.051547836512327194 
0.02821701392531395 
0.04180596023797989 
0.03763683885335922 
0.05047953873872757 
0.028945520520210266 
0.039701033383607864 
0.056723736226558685 
0.07516209781169891 
0.04769686982035637 
0.035209689289331436 
0.03930748999118805 
0.055444348603487015 
0.030085526406764984 
0.0572333037853241 
0.03960742801427841 
0.03726581111550331 
0.03994682803750038 
0.03490177541971207 
0.029320906847715378 
0.028768375515937805 
0.08074506372213364 
0.04534032195806503 
0.05423286184668541 
0.04666599631309509 
0.05709707364439964 
0.03392045944929123 
0.043300189077854156 
0.06501184403896332 
0.06262718141078949 
0.029276061803102493 
0.049406036734580994 
0.046218957751989365 
0.03270343691110611 
0.03337240219116211 
0.0426643043756485 
0.0364014208316803 
0.04386235401034355 
0.04310913383960724 
0.024927662685513496 
0.028438834473490715 
0.01887294463813305 
0.03063313663005829 
0.03242369368672371 
0.03368673473596573 
0.025716189295053482 
0.03976984694600105 
0.0388881117105484 
0.02518014796078205 
0.03301575034856796 
0.0537647008895874 
0.032316453754901886 
0.0392112135887146 
0.053990647196769714 
0.029905714094638824 
0.037506308406591415 
0.03823753818869591 
0.04301607981324196 
0.03425546735525131 
0.038739461451768875 
0.04636825621128082 
0.042267024517059326 
0.044259484857320786 
0.050117820501327515 
0.0323200449347496 
0.033765941858291626 
0.03179426118731499 
0.05149419233202934 
0.03243670240044594 
0.04401911795139313 
0.03989262133836746 
0.029109064489603043 
0.05393044650554657 
0.027485040947794914 
0.03302115947008133 
0.0346069410443306 
0.018259122967720032 
0.0370444729924202 
0.041016656905412674 
0.012691558338701725 
0.04825668781995773 
0.021174630150198936 
0.019518958404660225 
0.019293321296572685 
0.032384637743234634 
0.02085740678012371 
0.029133295640349388 
0.032731588929891586 
0.02557303011417389 
0.022212568670511246 
0.02319251000881195 
0.01722758263349533 
0.05180403217673302 
0.033522095531225204 
0.01615855284035206 
0.016586722806096077 
0.02861431986093521 
0.03386332094669342 
0.04550328478217125 
0.02921212464570999 
0.03390100225806236 
0.04059840366244316 
0.035124219954013824 
0.052402932196855545 
0.027803225442767143 
0.0306013822555542 
0.0343034490942955 
0.0355350598692894 
0.03232294321060181 
0.04394865408539772 
0.02024894393980503 
0.018947958946228027 
0.019987713545560837 
0.03552698343992233 
0.05539031699299812 
0.021771887317299843 
0.0308704636991024 
0.020923366770148277 
0.02337127923965454 
0.011171076446771622 
0.033543046563863754 
0.022109773010015488 
0.020935198292136192 
0.01777525432407856 
0.021830974146723747 
0.027151785790920258 
0.02815406396985054 
0.015107975341379642 
0.02241978794336319 
0.0490209199488163 
0.05879361927509308 
0.024733949452638626 
0.030250344425439835 
0.049021098762750626 
0.02693859487771988 
0.03590171039104462 
0.03303185850381851 
0.03530969098210335 
0.01311198528856039 
0.028818242251873016 
0.027286577969789505 
0.03521083667874336 
0.04672342911362648 
0.03393106162548065 
0.046514078974723816 
0.03810872882604599 
0.04608582705259323 
0.04889203608036041 
0.03205350413918495 
0.055059902369976044 
0.021122518926858902 
0.02952687069773674 
0.045991718769073486 
0.02788381278514862 
0.07120094448328018 
0.04238297790288925 
0.040771931409835815 
0.048117004334926605 
0.03451334312558174 
0.061781689524650574 
0.031114859506487846 
0.028720740228891373 
0.04833520948886871 
0.037652142345905304 
0.034156251698732376 
0.038940347731113434 
0.030870508402585983 
0.045441143214702606 
0.03878123313188553 
0.05121276155114174 
0.04430485516786575 
0.04026859998703003 
0.04995746165513992 
0.024760490283370018 
0.0703650414943695 
0.030077610164880753 
0.03324422985315323 
0.032547857612371445 
0.04387177154421806 
0.03730116784572601 
0.034581173211336136 
0.046428658068180084 
0.05132453516125679 
0.04656219109892845 
0.04557153582572937 
0.04354868829250336 
0.028238262981176376 
0.05231134220957756 
0.04563412815332413 
0.05209475755691528 
0.04403064027428627 
0.04577106982469559 
0.04258602485060692 
0.032293688505887985 
0.03198565915226936 
0.024279426783323288 
0.031944919377565384 
0.03049575537443161 
0.025928422808647156 
0.059860214591026306 
0.04886479675769806 
0.027272377163171768 
0.027818158268928528 
0.048942506313323975 
0.02926558256149292 
0.035757504403591156 
0.03067399375140667 
0.024282963946461678 
0.05266750603914261 
0.03553510829806328 
0.03244728967547417 
0.022640159353613853 
0.03893640264868736 
0.03918982297182083 
0.07436109334230423 
0.07322543859481812 
0.055495962500572205 
0.03769289702177048 
0.06226896494626999 
0.03025950863957405 
0.024560078978538513 
0.03098279982805252 
0.03061378002166748 
0.04210381954908371 
0.04844171553850174 
0.03581085056066513 
0.05058353394269943 
0.04807267338037491 
0.06754985451698303 
0.03136727958917618 
0.0405302569270134 
0.04805390536785126 
0.05174237862229347 
0.04046924039721489 
0.052349649369716644 
0.04000456631183624 
0.035599518567323685 
0.03970687463879585 
0.04062449187040329 
0.06479014456272125 
0.07704289257526398 
0.05466575548052788 
0.04519391059875488 
0.06178834289312363 
0.03187015280127525 
0.03127875179052353 
0.04389914870262146 
0.04544360190629959 
0.0338750034570694 
0.07830921560525894 
0.2193489670753479 
0.04702576994895935 
0.053886741399765015 
0.06075074151158333 
0.037641316652297974 
0.0599781796336174 
0.03735504299402237 
0.0483836755156517 
0.02248775213956833 
0.04675852507352829 
0.06620687246322632 
0.03417022526264191 
0.04207393899559975 
0.0344853438436985 
0.04564656317234039 
0.1628778576850891 
0.05346287041902542 
0.04152492433786392 
0.05170280858874321 
0.04476851969957352 
0.03042079135775566 
0.056643128395080566 
0.0321088545024395 
0.05171475559473038 
0.04332146793603897 
0.033678747713565826 
0.04322536662220955 
0.02756533771753311 
0.027328183874487877 
0.050571855157613754 
0.05143846571445465 
0.03829753026366234 
0.035472311079502106 
0.02581714279949665 
0.037669844925403595 
0.03320838138461113 
0.03739368915557861 
0.04399143531918526 
0.06978252530097961 
0.04019484296441078 
0.07203273475170135 
0.036642249673604965 
0.047883279621601105 
0.05846685916185379 
0.03231741115450859 
0.046207576990127563 
0.021169764921069145 
0.05869966745376587 
0.0440329909324646 
0.04422004148364067 
0.04940267652273178 
0.06509938836097717 
0.03906622529029846 
0.04818981885910034 
0.045346349477767944 
0.03503173217177391 
0.0408799983561039 
0.03976050391793251 
0.030451104044914246 
0.03838253393769264 
0.12619346380233765 
0.08352869749069214 
0.04017888009548187 
0.04726455360651016 
0.037351127713918686 
0.043488532304763794 
0.06627985090017319 
0.021069686859846115 
0.029977336525917053 
0.03455302491784096 
0.058311786502599716 
0.0474184975028038 
0.015337260439991951 
0.029345761984586716 
0.037728987634181976 
0.04707217216491699 
0.03906896337866783 
0.046426139771938324 
0.04444986209273338 
0.02574111893773079 
0.03522787243127823 
0.03315851092338562 
0.02298709936439991 
0.032935142517089844 
0.04250529035925865 
0.042911965399980545 
0.034045785665512085 
0.04488861560821533 
0.029806505888700485 
0.041788168251514435 
0.028515126556158066 
0.024487029761075974 
0.035369470715522766 
0.023897860199213028 
0.03715817630290985 
0.054386068135499954 
0.02198486402630806 
0.03554833307862282 
0.03003385104238987 
0.05616133287549019 
0.03456924855709076 
0.054310958832502365 
0.026787757873535156 
0.03460567444562912 
0.03617187216877937 
0.034722715616226196 
0.02092652954161167 
0.01925213634967804 
0.05946997553110123 
0.027144096791744232 
0.02894527092576027 
0.02646411396563053 
0.03434747830033302 
0.03213734179735184 
0.03776569291949272 
0.02409985475242138 
0.030207403004169464 
0.012129787355661392 
0.024630427360534668 
0.02168414741754532 
0.03347724676132202 
0.030192237347364426 
0.023702628910541534 
0.043818216770887375 
0.01959976553916931 
0.031047210097312927 
0.03647666051983833 
0.04224659875035286 
0.04001165181398392 
0.022654647007584572 
0.027561340481042862 
0.02489897981286049 
0.03574598953127861 
0.03915777429938316 
0.021074656397104263 
0.04295337572693825 
0.02167901210486889 
0.028868168592453003 
0.035803284496068954 
0.02273048460483551 
0.017542248591780663 
0.02795122005045414 
0.022637352347373962 
0.03471262380480766 
0.03157826140522957 
0.03165725991129875 
0.026775065809488297 
0.03090866282582283 
0.028906118124723434 
0.0362125001847744 
0.02305223047733307 
0.03138704225420952 
0.0247221440076828 
0.02955833077430725 
0.024617832154035568 
0.029441459104418755 
0.01664676144719124 
0.045166611671447754 
0.036430031061172485 
0.032754216343164444 
0.029193192720413208 
0.04981972277164459 
0.03980793431401253 
0.04289405420422554 
0.049361612647771835 
0.0431755967438221 
0.032748740166425705 
0.05802500993013382 
0.031861964613199234 
0.045811429619789124 
0.048129525035619736 
0.043537840247154236 
0.031335752457380295 
0.045068565756082535 
0.03040158748626709 
0.06505069881677628 
0.03442467749118805 
0.04599561542272568 
0.048595454543828964 
0.0215323343873024 
0.03510378673672676 
0.0634440928697586 
0.021886741742491722 
0.051471054553985596 
0.04268474876880646 
0.03422044962644577 
0.027523361146450043 
0.030127352103590965 
0.02031078189611435 
0.02350204810500145 
0.041023850440979004 
0.0165940560400486 
0.03414784371852875 
0.035633549094200134 
0.032799556851387024 
0.02051299437880516 
0.029388444498181343 
0.032046783715486526 
0.02602197229862213 
0.032656654715538025 
0.04699578881263733 
0.032803382724523544 
0.03861764445900917 
0.0341126024723053 
0.02192613109946251 
0.02221311815083027 
0.025408180430531502 
0.02547614276409149 
0.03169480711221695 
0.02070011757314205 
0.02216099388897419 
0.0449887290596962 
0.042154692113399506 
0.05817064642906189 
0.03603357449173927 
0.05316484346985817 
0.027838118374347687 
0.03443574532866478 
0.04113668575882912 
0.03561011701822281 
0.029269244521856308 
0.04098633676767349 
0.02992289885878563 
0.033483847975730896 
0.0282483771443367 
0.04642879217863083 
0.02305900864303112 
0.036567430943250656 
0.018865611404180527 
0.0216683242470026 
0.03174028545618057 
0.03292105719447136 
0.03785521164536476 
0.036882027983665466 
0.030458081513643265 
0.03504136949777603 
0.047273971140384674 
0.04380413144826889 
0.03154396265745163 
0.024932529777288437 
0.03626371920108795 
0.041884616017341614 
0.053047195076942444 
0.042530305683612823 
0.02000354416668415 
0.042217448353767395 
0.0337362065911293 
0.02783544361591339 
0.02324470691382885 
0.01800152100622654 
0.015390733256936073 
0.016971487551927567 
0.032772552222013474 
0.027256611734628677 
0.0438050702214241 
0.025785598903894424 
0.043625812977552414 
0.031173549592494965 
0.02404027059674263 
0.04197652265429497 
0.015447269193828106 
0.03139766678214073 
0.0230779480189085 
0.01670512557029724 
0.013879820704460144 
0.014406761154532433 
0.03831569850444794 
0.05189286544919014 
0.0300527885556221 
0.0520145408809185 
0.043158113956451416 
0.03252570703625679 
0.05213308334350586 
0.052517518401145935 
0.03178660571575165 
0.04369919002056122 
0.05628906562924385 
0.05180702358484268 
0.04966358095407486 
0.0644555389881134 
0.049575693905353546 
0.06314919143915176 
0.0267424825578928 
0.030828777700662613 
0.034838736057281494 
0.04598231986165047 
0.048093780875205994 
0.026095647364854813 
0.03718162700533867 
0.03329622372984886 
0.027024202048778534 
0.040562428534030914 
0.030042201280593872 
0.023552604019641876 
0.03917454183101654 
0.04370712861418724 
0.02271321229636669 
0.03877584636211395 
0.03500359132885933 
0.02810758724808693 
0.03314073383808136 
0.046682026237249374 
0.018092572689056396 
0.03421957790851593 
0.02251880243420601 
0.0322820320725441 
0.03247109055519104 
0.03366684913635254 
0.031709566712379456 
0.03639955446124077 
0.013678226619958878 
0.044951602816581726 
0.04790567606687546 
0.04747948795557022 
0.036561597138643265 
0.03205682709813118 
0.028960376977920532 
0.0195754561573267 
0.03734373301267624 
0.03197015821933746 
0.03723685070872307 
0.02707582525908947 
0.026494966819882393 
0.03045555017888546 
0.03314725309610367 
0.027868667617440224 
0.03412634879350662 
0.034250061959028244 
0.023138772696256638 
0.025108888745307922 
0.029628314077854156 
0.020051969215273857 
0.029730334877967834 
0.05085986107587814 
0.03147356957197189 
0.034260254353284836 
0.02262134477496147 
0.022873328998684883 
0.05088859051465988 
0.026221863925457 
0.026726437732577324 
0.021770432591438293 
0.02873656526207924 
0.03059866651892662 
0.018252184614539146 
0.018888937309384346 
0.03130736202001572 
0.04599326103925705 
0.017225950956344604 
0.0217987522482872 
0.026420753449201584 
0.02211511880159378 
0.04342743009328842 
0.030119674280285835 
0.036354247480630875 
0.014656277373433113 
0.04762318730354309 
0.03834627568721771 
0.02847697213292122 
0.024074506014585495 
0.02104114554822445 
0.021548127755522728 
0.04106167331337929 
0.022871315479278564 
0.017597617581486702 
0.01724979281425476 
0.029427995905280113 
0.0396404005587101 
0.03102976270020008 
0.031689416617155075 
0.03517557680606842 
0.03998333960771561 
0.04385390877723694 
0.03823418542742729 
0.04164417088031769 
0.03046952560544014 
0.027371207252144814 
0.03173702210187912 
0.015100104734301567 
0.051206570118665695 
0.026110470294952393 
0.056017279624938965 
0.021744169294834137 
0.03070235438644886 
0.05300881713628769 
0.05416802689433098 
0.047250568866729736 
0.058971937745809555 
0.01858314871788025 
0.03395479544997215 
0.0215449295938015 
0.012695980258286 
0.027608588337898254 
0.031303711235523224 
0.029294755309820175 
0.027415482327342033 
0.014120151288807392 
0.02255060523748398 
0.026543863117694855 
0.020120220258831978 
0.020059682428836823 
0.0264827162027359 
0.010949138551950455 
0.02354847826063633 
0.01378618273884058 
0.039843086153268814 
0.019133269786834717 
0.020038150250911713 
0.026029877364635468 
0.02303268387913704 
0.018983207643032074 
0.02702873945236206 
0.018551338464021683 
0.01616201177239418 
0.03410276770591736 
0.039352547377347946 
0.031164351850748062 
0.032822683453559875 
0.023157313466072083 
0.025462405756115913 
0.03097275272011757 
0.032297421246767044 
0.026122136041522026 
0.02219138666987419 
0.02036624774336815 
0.052475541830062866 
0.025369778275489807 
0.02887827903032303 
0.0306624136865139 
0.0368933379650116 
0.038251906633377075 
0.055126409977674484 
0.03564612194895744 
0.017113300040364265 
0.037620291113853455 
0.046326857060194016 
0.029830317944288254 
0.022111382335424423 
0.027024151757359505 
0.02021072432398796 
0.03547440841794014 
0.039508312940597534 
0.0452093705534935 
0.032810699194669724 
0.06027324125170708 
0.025640426203608513 
0.08362191915512085 
0.04397040978074074 
0.027057545259594917 
0.044210806488990784 
0.051612429320812225 
0.03328437730669975 
0.038573578000068665 
0.02474501170217991 
0.03454797714948654 
0.021196385845541954 
0.049899764358997345 
0.042921312153339386 
0.06180988997220993 
0.029990464448928833 
0.02592865750193596 
0.03356514126062393 
0.040866583585739136 
0.02702794224023819 
0.03089076280593872 
0.03652673587203026 
0.032573699951171875 
0.02606360614299774 
0.02388533018529415 
0.04121096432209015 
0.03946869075298309 
0.02415582351386547 
0.024241741746664047 
0.01812271773815155 
0.02174043282866478 
0.029266946017742157 
0.01822618581354618 
0.012128673493862152 
0.02725331485271454 
0.018902305513620377 
0.026919465512037277 
0.038587093353271484 
0.03414794057607651 
0.06069602072238922 
0.020040331408381462 
0.01884073205292225 
0.019911108538508415 
0.02310919016599655 
0.01845068670809269 
0.018939225003123283 
0.0311356820166111 
0.03234517574310303 
0.017329588532447815 
0.02362414076924324 
0.02010144665837288 
0.014540393836796284 
0.04617887735366821 
0.017813686281442642 
0.04194733873009682 
0.023832913488149643 
0.02822074666619301 
0.05070801451802254 
0.018791627138853073 
0.027011113241314888 
0.02575306035578251 
0.027081575244665146 
0.02239837497472763 
0.03351491689682007 
0.07473054528236389 
0.03061862476170063 
0.04721660539507866 
0.011288648471236229 
0.029527781531214714 
0.031620223075151443 
0.03984064608812332 
0.031551070511341095 
0.04796841740608215 
0.05397442728281021 
0.05101403594017029 
0.03347998484969139 
0.04828023537993431 
0.0425722599029541 
0.032441820949316025 
0.026907632127404213 
0.03426700085401535 
0.03965247794985771 
0.025375429540872574 
0.02136194333434105 
0.021043695509433746 
0.037914350628852844 
0.018724916502833366 
0.04661909490823746 
0.02518325485289097 
0.03735305368900299 
0.03411230072379112 
0.046802785247564316 
0.024522414430975914 
0.019899217411875725 
0.02265540137887001 
0.024072758853435516 
0.02605636604130268 
0.02577727660536766 
0.018346093595027924 
0.02359492890536785 
0.031355537474155426 
0.03664661943912506 
0.022702792659401894 
0.010182111524045467 
0.020870603621006012 
0.024530716240406036 
0.02062673307955265 
0.012709619477391243 
0.02451142854988575 
0.015841539949178696 
0.028214972466230392 
0.029615387320518494 
0.027677349746227264 
0.028758592903614044 
0.015823865309357643 
0.015291985124349594 
0.04958077520132065 
0.03377145528793335 
0.039024848490953445 
0.03167802095413208 
0.01657489687204361 
0.018313901498913765 
0.02878204546868801 
0.03196469694375992 
0.025003843009471893 
0.03551933541893959 
0.02102651633322239 
0.05762437731027603 
0.046930864453315735 
0.04636290669441223 
0.016881948336958885 
0.03160122036933899 
0.07919589430093765 
0.04534858092665672 
0.0522625669836998 
0.02186545729637146 
0.03719194233417511 
0.03766321390867233 
0.02952723205089569 
0.02945793978869915 
0.03258082643151283 
0.01689896360039711 
0.04153597727417946 
0.020698895677924156 
0.021902557462453842 
0.027027806267142296 
0.03586355224251747 
0.024257361888885498 
0.05515209957957268 
0.020774250850081444 
0.0259028822183609 
0.04075987637042999 
0.040571607649326324 
0.03644072264432907 
0.06880217790603638 
0.054579153656959534 
0.02169572375714779 
0.023180212825536728 
0.07659846544265747 
0.025406192988157272 
0.04256109148263931 
0.035129986703395844 
0.028361815959215164 
0.035422585904598236 
0.02472151815891266 
0.04448804259300232 
0.026714032515883446 
0.012435236014425755 
0.05200083553791046 
0.025613654404878616 
0.019186915829777718 
0.027381297200918198 
0.03119896724820137 
0.02508627437055111 
0.027118779718875885 
0.030548635870218277 
0.03723498061299324 
0.053790755569934845 
0.03715032339096069 
0.03147063031792641 
0.025725847110152245 
0.032468270510435104 
0.03287521004676819 
0.020977415144443512 
0.017539067193865776 
0.025679389014840126 
0.019872834905982018 
0.023935440927743912 
0.03391221538186073 
0.031146768480539322 
0.027141164988279343 
0.02137007564306259 
0.05413701757788658 
0.05465202033519745 
0.04157000407576561 
0.049388084560632706 
0.05506082624197006 
0.020984701812267303 
0.05232393369078636 
0.029967227950692177 
0.03840140625834465 
0.030229471623897552 
0.024070637300610542 
0.028293214738368988 
0.03072892688214779 
0.03541414439678192 
0.016279032453894615 
0.019834326580166817 
0.026889169588685036 
0.01606946438550949 
0.028081391006708145 
0.039409901946783066 
0.013429183512926102 
0.021024620160460472 
0.02048725262284279 
0.031951483339071274 
0.023087596520781517 
0.02862749621272087 
0.033373329788446426 
0.029799478128552437 
0.04952624812722206 
0.030428815633058548 
0.051302842795848846 
0.028062354773283005 
0.04528111591935158 
0.02566060796380043 
0.055632855743169785 
0.017887026071548462 
0.045598145574331284 
0.03067905455827713 
0.021373461931943893 
0.024257443845272064 
0.01666741818189621 
0.025924334302544594 
0.030012881383299828 
0.015284234657883644 
0.01467981655150652 
0.023668164387345314 
0.01999182440340519 
0.02826676331460476 
0.02044292353093624 
0.035674553364515305 
0.01611909456551075 
0.025938061997294426 
0.020077085122466087 
0.03160865604877472 
0.04220299422740936 
0.033409733325242996 
0.03596250340342522 
0.03649361431598663 
0.018766500055789948 
0.043263763189315796 
0.029874449595808983 
0.016972720623016357 
0.04321395605802536 
0.030160319060087204 
0.02320399507880211 
0.022415367886424065 
0.021071888506412506 
0.018505409359931946 
0.028938228264451027 
0.01787966676056385 
0.02125435322523117 
0.017281126230955124 
0.016092583537101746 
0.02209230326116085 
0.021828442811965942 
0.049270935356616974 
0.031551212072372437 
0.034364763647317886 
0.04627291113138199 
0.03479868173599243 
0.029717685654759407 
0.0288732647895813 
0.05358564108610153 
0.03779525309801102 
0.027405086904764175 
0.02330174669623375 
0.023818418383598328 
0.026248719543218613 
0.021756771951913834 
0.06572059541940689 
0.046350471675395966 
0.02613634616136551 
0.022788815200328827 
0.05511381849646568 
0.034515202045440674 
0.028098823502659798 
0.019001126289367676 
0.0367274209856987 
0.022042199969291687 
0.023959089070558548 
0.023207318037748337 
0.02796122059226036 
0.04119191691279411 
0.042235806584358215 
0.03200599178671837 
0.025035863742232323 
0.04746722802519798 
0.009226430207490921 
0.03284864500164986 
0.01960703358054161 
0.016568005084991455 
0.027279138565063477 
0.019299179315567017 
0.034107647836208344 
0.016030700877308846 
0.022406943142414093 
0.014978169463574886 
0.024117102846503258 
0.02873106300830841 
0.0295758917927742 
0.011535627767443657 
0.04058975726366043 
0.023684371262788773 
0.014588427729904652 
0.04435279965400696 
0.04598623141646385 
0.03034713678061962 
0.02343389019370079 
0.027165189385414124 
0.03928866237401962 
0.03101898916065693 
0.030519047752022743 
0.0306068304926157 
0.03452576324343681 
0.021533172577619553 
0.027093788608908653 
0.031757909804582596 
0.020076492801308632 
0.026386922225356102 
0.047824926674366 
0.04247529059648514 
0.0217452272772789 
0.02779402956366539 
0.03906010463833809 
0.027284450829029083 
0.0296320877969265 
0.02536555379629135 
0.04129686951637268 
0.02436678670346737 
0.013780700974166393 
0.018545445054769516 
0.030882949009537697 
0.024065479636192322 
0.027433788403868675 
0.022650523111224174 
0.0263124518096447 
0.011205893941223621 
0.020266078412532806 
0.03877808526158333 
0.030426982790231705 
0.023981738835573196 
0.023547174409031868 
0.03004194051027298 
0.03589148819446564 
0.03358014300465584 
0.020010774955153465 
0.032576389610767365 
0.027424994856119156 
0.025868577882647514 
0.027973726391792297 
0.023076403886079788 
0.02407866343855858 
0.046594686806201935 
0.019635533913969994 
0.01868932507932186 
0.03120298497378826 
0.014024577103555202 
0.03125094994902611 
0.023814089596271515 
0.018306570127606392 
0.010931014083325863 
0.026167815551161766 
0.023821113631129265 
0.021742215380072594 
0.01529921405017376 
0.03210572153329849 
0.019343234598636627 
0.04587145894765854 
0.027249867096543312 
0.032860659062862396 
0.034855954349040985 
0.03146852180361748 
0.035730816423892975 
0.022516824305057526 
0.03808525204658508 
0.017004966735839844 
0.01991412416100502 
0.04627235233783722 
0.028247643262147903 
0.04135624319314957 
0.021212652325630188 
0.024978376924991608 
0.05025043711066246 
0.0431484580039978 
0.035692982375621796 
0.030541997402906418 
0.0256858691573143 
0.03936029225587845 
0.033065278083086014 
0.021276142448186874 
0.023380056023597717 
0.0488472580909729 
0.02489740215241909 
0.010751708410680294 
0.024226175621151924 
0.02041575126349926 
0.039390671998262405 
0.0175522081553936 
0.02716009132564068 
0.04160862788558006 
0.029528535902500153 
0.03832811862230301 
0.01967507228255272 
0.021453699097037315 
0.03351862356066704 
0.021823279559612274 
0.0231369249522686 
0.02759883552789688 
0.03463482856750488 
0.029443100094795227 
0.030191684141755104 
0.019805703312158585 
0.018561651930212975 
0.03102424181997776 
0.020441019907593727 
0.027641672641038895 
0.03308914229273796 
0.03035496175289154 
0.02898130938410759 
0.031997568905353546 
0.02888387441635132 
0.040187422186136246 
0.04211090877652168 
0.025815825909376144 
0.028402145951986313 
0.03366820141673088 
0.04843182861804962 
0.036026421934366226 
0.04265747219324112 
0.035471200942993164 
0.02272113412618637 
0.04320172220468521 
0.034403182566165924 
0.04437850043177605 
0.03680796176195145 
0.0354769304394722 
0.034913770854473114 
0.027969012036919594 
0.03744790330529213 
0.03954777121543884 
0.027213379740715027 
0.03424878045916557 
0.028672771528363228 
0.046748463064432144 
0.034978993237018585 
0.02605263888835907 
0.04179631173610687 
0.03001127392053604 
0.02171209827065468 
0.04307379573583603 
0.0109153613448143 
0.01805119402706623 
0.026675809174776077 
0.0121212899684906 
0.02837999537587166 
0.023925362154841423 
0.027076339349150658 
0.03370959311723709 
0.028911352157592773 
0.028488922864198685 
0.01580077037215233 
0.02870393730700016 
0.03453424200415611 
0.028427161276340485 
0.017637653276324272 
0.02508976124227047 
0.008529307320713997 
0.014227941632270813 
0.030786363407969475 
0.016516724601387978 
0.032620497047901154 
0.025214044377207756 
0.021185021847486496 
0.028886696323752403 
0.016589675098657608 
0.01576051115989685 
0.01910521276295185 
0.02434729039669037 
0.023290367797017097 
0.014803255908191204 
0.016661979258060455 
0.04480732977390289 
0.02755669876933098 
0.03661414608359337 
0.03779858723282814 
0.018983837217092514 
0.03420141339302063 
0.028487490490078926 
0.021136300638318062 
0.053102537989616394 
0.05833203345537186 
0.030797619372606277 
0.029836682602763176 
0.03730672970414162 
0.03003193996846676 
0.02796225994825363 
0.03242231905460358 
0.02531903050839901 
0.0407707616686821 
0.05341847985982895 
0.020053301006555557 
0.039667051285505295 
0.0437953844666481 
0.015394719317555428 
0.024926887825131416 
0.02053600735962391 
0.014352388679981232 
0.01891455054283142 
0.022532451897859573 
0.016067372635006905 
0.0212852843105793 
0.03308107331395149 
0.01897064410150051 
0.02884942851960659 
0.014231269247829914 
0.01858038827776909 
0.03459613025188446 
0.015556754544377327 
0.03004680946469307 
0.0740351527929306 
0.06459762901067734 
0.06560326367616653 
0.02859710529446602 
0.05859651789069176 
0.025289516896009445 
0.05838528275489807 
0.03996169567108154 
0.059395864605903625 
0.048657242208719254 
0.040755148977041245 
0.04386824369430542 
0.05302297696471214 
0.026613643392920494 
0.04694295674562454 
0.02995135262608528 
0.021988630294799805 
0.02457408979535103 
0.0124433608725667 
0.021242203190922737 
0.02951759099960327 
0.024164896458387375 
0.031195107847452164 
0.016756482422351837 
0.05456988140940666 
0.021653328090906143 
0.030534395948052406 
0.04153571277856827 
0.04914751276373863 
0.03427620977163315 
0.034792110323905945 
0.028057370334863663 
0.04677949100732803 
0.028240803629159927 
0.03695233538746834 
0.02906501479446888 
0.025820795446634293 
0.02680591121315956 
0.037354834377765656 
0.03673968091607094 
0.03038199432194233 
0.05076691135764122 
0.029927842319011688 
0.036147378385066986 
0.017206938937306404 
0.028972215950489044 
0.022385509684681892 
0.02062029018998146 
0.025145158171653748 
0.020172491669654846 
0.025486962869763374 
0.032954439520835876 
0.01641630381345749 
0.04262080043554306 
0.04261711984872818 
0.031938984990119934 
0.022595565766096115 
0.03028133511543274 
0.03975982591509819 
0.03623118996620178 
0.03371768072247505 
0.027838218957185745 
0.023412516340613365 
0.026912327855825424 
0.03525061532855034 
0.028387099504470825 
0.057064078748226166 
0.03195445239543915 
0.03646402060985565 
0.04320730268955231 
0.023306898772716522 
0.04717153310775757 
0.027738094329833984 
0.03228325396776199 
0.036717500537633896 
0.03196720406413078 
0.028495168313384056 
0.018352366983890533 
0.015483492985367775 
0.019772697240114212 
0.016647031530737877 
0.02403530478477478 
0.011293672025203705 
0.028595775365829468 
0.018794573843479156 
0.024037335067987442 
0.01879223994910717 
0.02793402597308159 
0.015817396342754364 
0.040869973599910736 
0.016336651518940926 
0.03668417036533356 
0.021722454577684402 
0.051017697900533676 
0.023563150316476822 
0.050629884004592896 
0.016796719282865524 
0.03727123513817787 
0.024742376059293747 
0.02945082262158394 
0.03046048805117607 
0.017546765506267548 
0.05491309612989426 
0.04580024629831314 
0.030354149639606476 
0.039745740592479706 
0.041972141712903976 
0.022115066647529602 
0.04186064749956131 
0.05300942063331604 
0.024344753473997116 
0.041757188737392426 
0.03725777566432953 
0.047535594552755356 
0.0302591435611248 
0.04313782975077629 
0.022816266864538193 
0.03954792022705078 
0.03077889420092106 
0.027445513755083084 
0.04168982058763504 
0.04583156853914261 
0.04709341749548912 
0.03420037031173706 
0.03588351607322693 
0.030032949522137642 
0.02291802689433098 
0.03929588943719864 
0.037916459143161774 
0.0314205139875412 
0.03959694504737854 
0.03659797087311745 
0.016924742609262466 
0.022831406444311142 
0.02792268991470337 
0.030850496143102646 
0.03079061023890972 
0.021317729726433754 
0.035410117357969284 
0.056552961468696594 
0.026943279430270195 
0.02164265140891075 
0.02326047047972679 
0.021160073578357697 
0.024584881961345673 
0.026302438229322433 
0.03282114118337631 
0.01772194355726242 
0.02668709121644497 
0.04835830628871918 
0.029574576765298843 
0.025240249931812286 
0.057676639407873154 
0.027522346004843712 
0.028950495645403862 
0.02181866578757763 
0.01802738942205906 
0.038804613053798676 
0.02600405178964138 
0.03898295760154724 
0.016977841034531593 
0.019274210557341576 
0.04075257480144501 
0.023865386843681335 
0.011272381991147995 
0.04454527795314789 
0.04537206143140793 
0.03556031361222267 
0.024854544550180435 
0.03837807476520538 
0.02365250140428543 
0.015307316556572914 
0.019280435517430305 
0.030792010948061943 
0.03468954190611839 
0.014973325654864311 
0.023184029385447502 
0.013207051903009415 
0.023133985698223114 
0.017682556062936783 
0.018838128075003624 
0.022285789251327515 
0.019366495311260223 
0.01046314649283886 
0.009237959049642086 
0.01727188192307949 
0.03716201335191727 
0.027116846293210983 
0.02002643421292305 
0.01895706169307232 
0.009520597755908966 
0.02108006365597248 
0.017472505569458008 
0.01783931814134121 
0.020699094980955124 
0.026400409638881683 
0.036179810762405396 
0.0500311404466629 
0.03349485993385315 
0.024480171501636505 
0.03476477786898613 
0.03167354315519333 
0.05634993314743042 
0.023076698184013367 
0.030306249856948853 
0.03053276799619198 
0.021321168169379234 
0.015805255621671677 
0.027843987569212914 
0.025678103789687157 
0.05461101979017258 
0.024665318429470062 
0.02456539496779442 
0.027372386306524277 
0.023279985412955284 
0.02843615785241127 
0.039062146097421646 
0.034770410507917404 
0.027355970814824104 
0.012341221794486046 
0.024194158613681793 
0.034181077033281326 
0.03928223252296448 
0.02574184350669384 
0.03016371838748455 
0.037799686193466187 
0.020565180107951164 
0.03671924024820328 
0.050753574818372726 
0.01764892227947712 
0.019860442727804184 
0.027415646240115166 
0.019529927521944046 
0.024284588173031807 
0.025093311443924904 
0.02300572767853737 
0.019480539485812187 
0.025634313002228737 
0.015335667878389359 
0.02770639955997467 
0.01800355687737465 
0.03292479366064072 
0.019311249256134033 
0.02570182830095291 
0.0315946601331234 
0.022387731820344925 
0.03735669329762459 
0.04484650865197182 
0.02695428393781185 
0.036095473915338516 
0.02151177078485489 
0.04073231667280197 
0.013211707584559917 
0.038406580686569214 
0.04510876163840294 
0.044715095311403275 
0.025983819738030434 
0.05619843304157257 
0.052096400409936905 
0.034925103187561035 
0.042956605553627014 
0.05612897872924805 
0.0682569369673729 
0.028735438361763954 
0.04462283104658127 
0.07340472936630249 
0.026119355112314224 
0.03339223191142082 
0.048526592552661896 
0.05728025361895561 
0.02067675068974495 
0.04643666371703148 
0.024420900270342827 
0.034928545355796814 
0.02806958369910717 
0.01671615056693554 
0.017434312030673027 
0.011303639970719814 
0.013187035918235779 
0.021325405687093735 
0.02603134885430336 
0.02804904244840145 
0.023430775851011276 
0.02655583992600441 
0.03529376536607742 
0.024202987551689148 
0.04584925249218941 
0.017479240894317627 
0.023678164929151535 
0.015034577809274197 
0.023456575348973274 
0.03422170504927635 
0.023900531232357025 
0.03134095296263695 
0.020336609333753586 
0.010072089731693268 
0.017533406615257263 
0.043957386165857315 
0.02998538687825203 
0.02145681343972683 
0.026108888909220695 
0.018783489242196083 
0.03141706436872482 
0.021409692242741585 
0.01484006643295288 
0.021406132727861404 
0.042343560606241226 
0.03224742040038109 
0.040765173733234406 
0.018473118543624878 
0.048324741423130035 
0.02850382588803768 
0.041155748069286346 
0.04444825276732445 
0.01185485441237688 
0.020250292494893074 
0.021746600046753883 
0.010641568340361118 
0.020686011761426926 
0.0187072791159153 
0.029529128223657608 
0.029929976910352707 
0.031103234738111496 
0.04066157713532448 
0.017668135464191437 
0.05284477025270462 
0.020284168422222137 
0.04362038895487785 
0.04519927501678467 
0.038831863552331924 
0.03643691539764404 
0.029923126101493835 
0.03790896385908127 
0.02567240595817566 
0.032092124223709106 
0.0181984081864357 
0.0328204445540905 
0.01713240146636963 
0.02226591482758522 
0.01917390711605549 
0.018612254410982132 
0.020213257521390915 
0.016323884949088097 
0.016715703532099724 
0.03162899985909462 
0.024888571351766586 
0.030060017481446266 
0.023169584572315216 
0.025914976373314857 
0.028505980968475342 
0.03824542835354805 
0.02671004645526409 
0.022342229261994362 
0.02346271649003029 
0.028330542147159576 
0.04125083237886429 
0.03905933350324631 
0.03316697105765343 
0.03646470606327057 
0.025254977867007256 
0.04647170752286911 
0.031659241765737534 
0.040935054421424866 
0.020354770123958588 
0.030456295236945152 
0.020055683329701424 
0.03172307461500168 
0.028970034793019295 
0.03048546612262726 
0.03451380506157875 
0.037852197885513306 
0.02496965043246746 
0.014861244708299637 
0.04481379687786102 
0.027806652709841728 
0.024448730051517487 
0.03079032152891159 
0.03159533813595772 
0.022578250616788864 
0.04754839837551117 
0.013348251581192017 
0.02887200191617012 
0.022654671221971512 
0.029952190816402435 
0.015558378770947456 
0.023759901523590088 
0.026821814477443695 
0.02222444862127304 
0.019807077944278717 
0.011517483741044998 
0.022343270480632782 
0.024686269462108612 
0.022363703697919846 
0.037217408418655396 
0.01863430254161358 
0.0229750107973814 
0.02543352171778679 
0.03376704081892967 
0.01587807945907116 
0.03351510316133499 
0.018576234579086304 
0.03240450471639633 
0.021319137886166573 
0.04405294358730316 
0.022243665531277657 
0.022928722202777863 
0.024539966136217117 
0.03595922514796257 
0.049245674163103104 
0.04384199529886246 
0.037631288170814514 
0.01888996548950672 
0.03744719177484512 
0.03056257776916027 
0.023914113640785217 
0.024630606174468994 
0.02140451967716217 
0.02337653376162052 
0.030930479988455772 
0.028749588876962662 
0.035135939717292786 
0.02911638282239437 
0.014314886182546616 
0.01807238906621933 
0.024429013952612877 
0.013687925413250923 
0.019598474726080894 
0.03133387863636017 
0.03777194023132324 
0.026335492730140686 
0.034929309040308 
0.05717671662569046 
0.02888660877943039 
0.050704650580883026 
0.04608248919248581 
0.02432059310376644 
0.05905572697520256 
0.02468223311007023 
0.041491374373435974 
0.02704135701060295 
0.014768279157578945 
0.02860550582408905 
0.040949705988168716 
0.02280597575008869 
0.057658374309539795 
0.02300134301185608 
0.05312058702111244 
0.022382095456123352 
0.029866762459278107 
0.030456623062491417 
0.01706995815038681 
0.02669326774775982 
0.01689949445426464 
0.02015923336148262 
0.014762124978005886 
0.016685616225004196 
0.017485523596405983 
0.03026246838271618 
0.03566839545965195 
0.019827507436275482 
0.019312582910060883 
0.022444307804107666 
0.024422451853752136 
0.015981249511241913 
0.031487151980400085 
0.0286219771951437 
0.027912382036447525 
0.017519069835543633 
0.024335624650120735 
0.03301294520497322 
0.01709034852683544 
0.03121352382004261 
0.027922995388507843 
0.009396673180162907 
0.014129706658422947 
0.0437556728720665 
0.020997166633605957 
0.010247381404042244 
0.0230574794113636 
0.02028324082493782 
0.021907657384872437 
0.01948021724820137 
0.026829799637198448 
0.021124262362718582 
0.04868023470044136 
0.020239844918251038 
0.04206065088510513 
0.027244621887803078 
0.029336176812648773 
0.016228031367063522 
0.024056607857346535 
0.021328240633010864 
0.03766384348273277 
0.016356367617845535 
0.022703008726239204 
0.02078648842871189 
0.05198919028043747 
0.019050201401114464 
0.016550304368138313 
0.021528201177716255 
0.04203333705663681 
0.03518886864185333 
0.03476182371377945 
0.020378246903419495 
0.05738205090165138 
0.031125284731388092 
0.024168185889720917 
0.04558533430099487 
0.030493687838315964 
0.02288985624909401 
0.038805462419986725 
0.018660100176930428 
0.011781563982367516 
0.01646837219595909 
0.033000167459249496 
0.03134097158908844 
0.00745409308001399 
0.015004818327724934 
0.020716479048132896 
0.03187672421336174 
0.020546460524201393 
0.059375062584877014 
0.03577718883752823 
0.029640205204486847 
0.020798534154891968 
0.029005935415625572 
0.037025414407253265 
0.018895486369729042 
0.023519089445471764 
0.03254257142543793 
0.016211573034524918 
0.031027164310216904 
0.02453475072979927 
0.026702703908085823 
0.030748363584280014 
0.026453861966729164 
0.024450665339827538 
0.017666568979620934 
0.02413051202893257 
0.01737009733915329 
0.035506077110767365 
0.028748536482453346 
0.0201363917440176 
0.023569930344820023 
0.012186366133391857 
0.016631443053483963 
0.026671718806028366 
0.018339961767196655 
0.015870852395892143 
0.03078753873705864 
0.021104417741298676 
0.02392987534403801 
0.051785342395305634 
0.0393095500767231 
0.053422413766384125 
0.032598547637462616 
0.050247371196746826 
0.03402881696820259 
0.03386805206537247 
0.03833206370472908 
0.0351773165166378 
0.06500080227851868 
0.028789490461349487 
0.0400666706264019 
0.03429489582777023 
0.024207908660173416 
0.06890807300806046 
0.029598623514175415 
0.03247888386249542 
0.039274945855140686 
0.03140662610530853 
0.029528193175792694 
0.02576804719865322 
0.034833990037441254 
0.04079242795705795 
0.04963424429297447 
0.03495283052325249 
0.017117831856012344 
0.05660829693078995 
0.026453232392668724 
0.027337776497006416 
0.01277315802872181 
0.028031781315803528 
0.031238103285431862 
0.01657826080918312 
0.024545738473534584 
0.03116900660097599 
0.03600521385669708 
0.01861317828297615 
0.03248868137598038 
0.01764957793056965 
0.04216337576508522 
0.02374754473567009 
0.022556645795702934 
0.025582654401659966 
0.035251885652542114 
0.039681557565927505 
0.014566867612302303 
0.035336606204509735 
0.01800352707505226 
0.015284087508916855 
0.021209578961133957 
0.03196477144956589 
0.03862838074564934 
0.044058434665203094 
0.01946827583014965 
0.04789871349930763 
0.023457981646060944 
0.036471448838710785 
0.019034137949347496 
0.029119793325662613 
0.016838297247886658 
0.04525408893823624 
0.04036473482847214 
0.03713639825582504 
0.02874755673110485 
0.036676179617643356 
0.046980682760477066 
0.028869707137346268 
0.029155099764466286 
0.02982950769364834 
0.03916812315583229 
0.03134824335575104 
0.02976137399673462 
0.02174418419599533 
0.029010986909270287 
0.019429292529821396 
0.03482452780008316 
0.02939152531325817 
0.009581848978996277 
0.029274262487888336 
0.01718214899301529 
0.03886304795742035 
0.026166882365942 
0.02665098011493683 
0.03875988349318504 
0.02116139605641365 
0.07250922918319702 
0.028060775250196457 
0.029365085065364838 
0.046428706496953964 
0.040102168917655945 
0.030872836709022522 
0.047239772975444794 
0.02792166918516159 
0.09257815778255463 
0.020906824618577957 
0.01883029378950596 
0.03240565210580826 
0.030959827825427055 
0.038569413125514984 
0.020389407873153687 
0.022973962128162384 
0.026543010026216507 
0.02055233344435692 
0.024087537080049515 
0.023246224969625473 
0.025337157770991325 
0.020879026502370834 
0.02558862790465355 
0.028456512838602066 
0.008209431543946266 
0.03240049257874489 
0.03617077320814133 
0.0319545678794384 
0.04147801175713539 
0.03346129506826401 
0.020431216806173325 
0.0358402244746685 
0.027574235573410988 
0.026148101314902306 
0.0322614349424839 
0.025299543514847755 
0.04854675009846687 
0.012580327689647675 
0.03177757188677788 
0.026294831186532974 
0.015610715374350548 
0.040578048676252365 
0.016768189147114754 
0.025731727480888367 
0.02823781408369541 
0.027186555787920952 
0.02296396903693676 
0.026554979383945465 
0.02235177345573902 
0.03460673615336418 
0.024527035653591156 
0.036839958280324936 
0.016314486041665077 
0.02319040335714817 
0.032244808971881866 
0.025194574147462845 
0.014129098504781723 
0.03136057034134865 
0.02731039747595787 
0.0212355125695467 
0.028289131820201874 
0.020346064120531082 
0.03532133996486664 
0.043259311467409134 
0.014317707158625126 
0.011211181059479713 
0.013476096093654633 
0.023195935413241386 
0.013981064781546593 
0.024215441197156906 
0.014828525483608246 
0.03454658389091492 
0.016125867143273354 
0.018856961280107498 
0.02708616852760315 
0.010611042380332947 
0.019282033666968346 
0.023593952879309654 
0.01501340139657259 
0.023950867354869843 
0.024853086099028587 
0.013774667866528034 
0.02135780081152916 
0.027100156992673874 
0.024131588637828827 
0.049999892711639404 
0.04576168954372406 
0.05527890473604202 
0.04675878584384918 
0.03109196573495865 
0.019389353692531586 
0.028258446604013443 
0.021068133413791656 
0.014612444676458836 
0.01897546276450157 
0.030513545498251915 
0.017292750999331474 
0.027099579572677612 
0.026065682992339134 
0.013538846746087074 
0.008788568899035454 
0.021718693897128105 
0.011856526136398315 
0.01496327854692936 
0.008317474275827408 
0.028647467494010925 
0.02437957376241684 
0.017892885953187943 
0.02786116674542427 
0.02262500301003456 
0.02946680597960949 
0.02170790173113346 
0.013906916603446007 
0.03766337037086487 
0.01629338227212429 
0.011666961014270782 
0.02065752074122429 
0.04642092436552048 
0.01668255217373371 
0.01786559633910656 
0.02540651150047779 
0.013401461765170097 
0.015818126499652863 
0.007906041108071804 
0.02440274879336357 
0.013788498006761074 
0.01345678698271513 
0.010571013204753399 
0.013661757111549377 
0.005572120193392038 
0.01871577464044094 
0.010669099166989326 
0.017299290746450424 
0.032593339681625366 
0.018059730529785156 
0.019313231110572815 
0.009400563314557076 
0.018491234630346298 
0.019421353936195374 
0.02782059833407402 
0.03620975837111473 
0.02781727910041809 
0.02249503694474697 
0.03329531475901604 
0.02074757218360901 
0.035032324492931366 
0.03463824465870857 
0.019608406350016594 
0.013290886767208576 
0.019342361018061638 
0.01504610851407051 
0.036893539130687714 
0.032628875225782394 
0.023334303870797157 
0.08431611210107803 
0.0162835493683815 
0.019760144874453545 
0.029676925390958786 
0.029910413548350334 
0.015260608866810799 
0.02028324082493782 
0.01569044217467308 
0.03841131925582886 
0.046573832631111145 
0.04665309935808182 
0.015922898426651955 
0.025602182373404503 
0.015723545104265213 
0.06009996309876442 
0.04723566025495529 
0.029660828411579132 
0.03139621019363403 
0.03353496268391609 
0.022075915709137917 
0.02272758260369301 
0.0347689613699913 
0.020147737115621567 
0.02191779948771 
0.03712889179587364 
0.020337076857686043 
0.03073972836136818 
0.02531268261373043 
0.034368447959423065 
0.05443772301077843 
0.007142160087823868 
0.016029123216867447 
0.022335050627589226 
0.023060783743858337 
0.025267908349633217 
0.02275349199771881 
0.01499238796532154 
0.01632770150899887 
0.02402271330356598 
0.05752476677298546 
0.031172866001725197 
0.021321112290024757 
0.04991113767027855 
0.0311330147087574 
0.015972476452589035 
0.019887518137693405 
0.021701347082853317 
0.013436863198876381 
0.026475824415683746 
0.024645956233143806 
0.020465673878788948 
0.013375560753047466 
0.014070158824324608 
0.029305579140782356 
0.01702621951699257 
0.02623126655817032 
0.03622644394636154 
0.01486157439649105 
0.024375304579734802 
0.009815361350774765 
0.041579604148864746 
0.0411609522998333 
0.03910857066512108 
0.04351266473531723 
0.016549572348594666 
0.019184473901987076 
0.024908052757382393 
0.05493447184562683 
0.013621687889099121 
0.037776410579681396 
0.02083236537873745 
0.028686456382274628 
0.02458917163312435 
0.029439646750688553 
0.039597757160663605 
0.034178826957941055 
0.04797352850437164 
0.0303302351385355 
0.046978868544101715 
0.022265730425715446 
0.04303475096821785 
0.053573206067085266 
0.019454386085271835 
0.047625582665205 
0.03315870836377144 
0.032792601734399796 
0.0347394123673439 
0.04899671673774719 
0.021922504529356956 
0.03155393898487091 
0.04447852447628975 
0.07303926348686218 
0.03707201033830643 
0.035825882107019424 
0.03297045826911926 
0.03838243708014488 
0.04318371042609215 
0.05444813892245293 
0.03200811147689819 
0.019202634692192078 
0.02842564880847931 
0.04479385167360306 
0.036894410848617554 
0.0283565241843462 
0.023029934614896774 
0.020743105560541153 
0.019116200506687164 
0.038767389953136444 
0.046241454780101776 
0.023060083389282227 
0.036661289632320404 
0.02606988325715065 
0.016175925731658936 
0.028134731575846672 
0.028182372450828552 
0.0379706546664238 
0.007403957191854715 
0.01959444023668766 
0.0196713637560606 
0.030819151550531387 
0.03496024012565613 
0.04441447928547859 
0.03010430932044983 
0.04053422808647156 
0.03614862635731697 
0.026817824691534042 
