0.3161134421825409 
0.5525937080383301 
0.4484359622001648 
0.35562729835510254 
0.3112736642360687 
0.35459935665130615 
0.2773553729057312 
0.29583144187927246 
0.25188976526260376 
0.2390390932559967 
0.25255897641181946 
0.24477025866508484 
0.22493815422058105 
0.19901882112026215 
0.2252703756093979 
0.22870704531669617 
0.1985556185245514 
0.18713761866092682 
0.2243349850177765 
0.2091495841741562 
0.23091356456279755 
0.2142627239227295 
0.179729163646698 
0.18118040263652802 
0.2164107710123062 
0.19415554404258728 
0.16568675637245178 
0.18099135160446167 
0.1791033148765564 
0.1482914537191391 
0.1476990133523941 
0.15240778028964996 
0.14482013881206512 
0.17797452211380005 
0.1662467122077942 
0.1641407608985901 
0.1823580414056778 
0.18995288014411926 
0.16641250252723694 
0.17841222882270813 
0.15326455235481262 
0.1579628884792328 
0.16027584671974182 
0.15361498296260834 
0.14508108794689178 
0.16106748580932617 
0.15572817623615265 
0.13544809818267822 
0.17519459128379822 
0.16400650143623352 
0.13575471937656403 
0.13497394323349 
0.12053439021110535 
0.15546083450317383 
0.11902515590190887 
0.1582818478345871 
0.13405337929725647 
0.11620950698852539 
0.12862607836723328 
0.12112142890691757 
0.11025925725698471 
0.13521422445774078 
0.1284073442220688 
0.1281498372554779 
0.12050198018550873 
0.13659846782684326 
0.13756753504276276 
0.13776926696300507 
0.13009870052337646 
0.13278768956661224 
0.13264672458171844 
0.16906611621379852 
0.14087440073490143 
0.13991783559322357 
0.16884200274944305 
0.13298948109149933 
0.15849414467811584 
0.13527733087539673 
0.11282944679260254 
0.11972297728061676 
0.09818454086780548 
0.12597624957561493 
0.09166018664836884 
0.1388464868068695 
0.1039712205529213 
0.10788924992084503 
0.15006402134895325 
0.12358501553535461 
0.11346979439258575 
0.16513627767562866 
0.12259173393249512 
0.11101975291967392 
0.09231126308441162 
0.12103205174207687 
0.1232321709394455 
0.10885336995124817 
0.12778455018997192 
0.11511022597551346 
0.13526006042957306 
0.11736439168453217 
0.1540873944759369 
0.12257757782936096 
0.11880587786436081 
0.12360730767250061 
0.12569178640842438 
0.12315930426120758 
0.11425115168094635 
0.11844372749328613 
0.11417960375547409 
0.11596266180276871 
0.12465538084506989 
0.12489278614521027 
0.1154801994562149 
0.08243151754140854 
0.11212898790836334 
0.0818982720375061 
0.11443213373422623 
0.0916687548160553 
0.10500220209360123 
0.08279493451118469 
0.1227165162563324 
0.08073011040687561 
0.11204375326633453 
0.09584128856658936 
0.10533776879310608 
0.0900646448135376 
0.0836172103881836 
0.08948740363121033 
0.10396071523427963 
0.09139425307512283 
0.06291861832141876 
0.06405819952487946 
0.061723072081804276 
0.07725800573825836 
0.08445867896080017 
0.08726899325847626 
0.06660789251327515 
0.08342921733856201 
0.0826323851943016 
0.07146938145160675 
0.07495124638080597 
0.08318310230970383 
0.07029727846384048 
0.08783391118049622 
0.0568484365940094 
0.07883506268262863 
0.07705520838499069 
0.07750985026359558 
0.07549493759870529 
0.08397669345140457 
0.08359833061695099 
0.07227454334497452 
0.05818132683634758 
0.08300292491912842 
0.05434250459074974 
0.08478858321905136 
0.07648640871047974 
0.06486000865697861 
0.07915150374174118 
0.05695940554141998 
0.06550827622413635 
0.08634307980537415 
0.07914024591445923 
0.08543135225772858 
0.05984853580594063 
0.0779489129781723 
0.08108465373516083 
0.0773233100771904 
0.055843815207481384 
0.04645355045795441 
0.050209809094667435 
0.0649941936135292 
0.06537823379039764 
0.06117929518222809 
0.043802279978990555 
0.07111959904432297 
0.04702930897474289 
0.061860501766204834 
0.06770176440477371 
0.050762154161930084 
0.07514193654060364 
0.04981908202171326 
0.06717818230390549 
0.053815510123968124 
0.05977970361709595 
0.04534425958991051 
0.036985453218221664 
0.055411748588085175 
0.07055406272411346 
0.05482536926865578 
0.04544868320226669 
0.055907122790813446 
0.0564589723944664 
0.06843879818916321 
0.06950405240058899 
0.06863390654325485 
0.06938067823648453 
0.08075693249702454 
0.056206315755844116 
0.09506583213806152 
0.07519887387752533 
0.07451494038105011 
0.060980964452028275 
0.0537603497505188 
0.055706001818180084 
0.045073218643665314 
0.046336300671100616 
0.04736213758587837 
0.07044687867164612 
0.05501115322113037 
0.059924494475126266 
0.06792367249727249 
0.04885898530483246 
0.06455212831497192 
0.05642649158835411 
0.0380389541387558 
0.048170000314712524 
0.058959461748600006 
0.06054738536477089 
0.06794443726539612 
0.057814061641693115 
0.03754595294594765 
0.04859759286046028 
0.04188340902328491 
0.04417114704847336 
0.04295024648308754 
0.036109331995248795 
0.03366624191403389 
0.030902456492185593 
0.04175286367535591 
0.031587082892656326 
0.03440680354833603 
0.03987720608711243 
0.05327800661325455 
0.031048860400915146 
0.040142081677913666 
0.04898356646299362 
0.044755131006240845 
0.043574344366788864 
0.047412075102329254 
0.048413120210170746 
0.04898415505886078 
0.035021305084228516 
0.05319807678461075 
0.05922025442123413 
0.05908737704157829 
0.05770013481378555 
0.06622867286205292 
0.05210799723863602 
0.055898405611515045 
0.05953957512974739 
0.05331782251596451 
0.0722082331776619 
0.052832767367362976 
0.053269315510988235 
0.03635493665933609 
0.03553466498851776 
0.04769427329301834 
0.053961869329214096 
0.04761053994297981 
0.048616230487823486 
0.05046775937080383 
0.047324858605861664 
0.06207609921693802 
0.05615554749965668 
0.0596090704202652 
0.050009217113256454 
0.04764806851744652 
0.029820216819643974 
0.04203597828745842 
0.037215664982795715 
0.04253270849585533 
0.04207030311226845 
0.03085097298026085 
0.053680673241615295 
0.04262753948569298 
0.040251925587654114 
0.03741307929158211 
0.052797067910432816 
0.06546586006879807 
0.022467225790023804 
0.03534723073244095 
0.0454251691699028 
0.03169015049934387 
0.029903922230005264 
0.026805244386196136 
0.057744551450014114 
0.06909722089767456 
0.04413803666830063 
0.07520899176597595 
0.027117567136883736 
0.0556020513176918 
0.07855428755283356 
0.06623023748397827 
0.042627014219760895 
0.04885067790746689 
0.047753266990184784 
0.04689808189868927 
0.050328075885772705 
0.06462966650724411 
0.052801214158535004 
0.04867894947528839 
0.048878200352191925 
0.0632966011762619 
0.07016047835350037 
0.04893077537417412 
0.043142400681972504 
0.06836545467376709 
0.036596816033124924 
0.05145225673913956 
0.07091885060071945 
0.04423660784959793 
0.04468539357185364 
0.04532384127378464 
0.04721372574567795 
0.04824211075901985 
0.03311118483543396 
0.0472375750541687 
0.037108343094587326 
0.057441774755716324 
0.032288163900375366 
0.04736234247684479 
0.022334802895784378 
0.06387561559677124 
0.026944641023874283 
0.03833312913775444 
0.04379785805940628 
0.039836909621953964 
0.04357258975505829 
0.05379868671298027 
0.039926134049892426 
0.036460280418395996 
0.059846051037311554 
0.05237366631627083 
0.04751558229327202 
0.059381838887929916 
0.047527097165584564 
0.0419420562684536 
0.031881242990493774 
0.03981265053153038 
0.0426165796816349 
0.02647506818175316 
0.04716084897518158 
0.02814389206469059 
0.053370796144008636 
0.03877902403473854 
0.04591257497668266 
0.03893028944730759 
0.05649247020483017 
0.043745942413806915 
0.027669960632920265 
0.03848828002810478 
0.03603565692901611 
0.05053476244211197 
0.04360605403780937 
0.028073376044631004 
0.037194401025772095 
0.04745102301239967 
0.06490010023117065 
0.03084595315158367 
0.05213186889886856 
0.035533417016267776 
0.053329095244407654 
0.04493795335292816 
0.034346576780080795 
0.04684053361415863 
0.046272873878479004 
0.030228249728679657 
0.03723795339465141 
0.02582056075334549 
0.035191480070352554 
0.04473348706960678 
0.021880563348531723 
0.03269388526678085 
0.030678603798151016 
0.04728516563773155 
0.046618878841400146 
0.037028681486845016 
0.039997778832912445 
0.041032981127500534 
0.05066433548927307 
0.03164827451109886 
0.043246179819107056 
0.036442119628190994 
0.028289373964071274 
0.031119633466005325 
0.027982186526060104 
0.046645164489746094 
0.04207348823547363 
0.029744453728199005 
0.03279798850417137 
0.0418977253139019 
0.046876225620508194 
0.038011323660612106 
0.02684485726058483 
0.03317393362522125 
0.06438583135604858 
0.03066759556531906 
0.02507501281797886 
0.04410848766565323 
0.03822200000286102 
0.042165644466876984 
0.03190013766288757 
0.03592623025178909 
0.036406587809324265 
0.044650349766016006 
0.037193987518548965 
0.052794478833675385 
0.03955040127038956 
0.04198582470417023 
0.05957581475377083 
0.06641779839992523 
0.03783603385090828 
0.052651237696409225 
0.04254747927188873 
0.05487464740872383 
0.056991733610630035 
0.04776345193386078 
0.03350555896759033 
0.05949692055583 
0.06360039114952087 
0.07036015391349792 
0.045351386070251465 
0.07536529004573822 
0.06070699542760849 
0.05986354872584343 
0.040809307247400284 
0.06536269187927246 
0.04456796497106552 
0.039055172353982925 
0.03410809114575386 
0.0319945402443409 
0.06011239066720009 
0.029665980488061905 
0.061348315328359604 
0.03624007850885391 
0.03911608085036278 
0.028984174132347107 
0.04062061011791229 
0.04455038160085678 
0.03382859006524086 
0.020128432661294937 
0.03515544533729553 
0.042857177555561066 
0.04223093017935753 
0.03576013818383217 
0.024318814277648926 
0.045260556042194366 
0.03602878376841545 
0.02236362360417843 
0.049590978771448135 
0.04669972509145737 
0.03729988634586334 
0.024562736973166466 
0.0335216298699379 
0.0339416079223156 
0.04893706366419792 
0.03206736966967583 
0.021358560770750046 
0.028652634471654892 
0.03493760898709297 
0.0409897156059742 
0.03655942901968956 
0.04427030310034752 
0.0418061763048172 
0.022505681961774826 
0.030579064041376114 
0.03549967706203461 
0.039954349398612976 
0.043067142367362976 
0.05793935805559158 
0.03129657730460167 
0.041222840547561646 
0.0484134778380394 
0.0229007750749588 
0.0386907197535038 
0.028901636600494385 
0.04424325376749039 
0.03171822056174278 
0.03879442438483238 
0.025405390188097954 
0.030499843880534172 
0.04272547364234924 
0.04999111592769623 
0.052972566336393356 
0.04393698647618294 
0.052431292831897736 
0.05373276025056839 
0.06300618499517441 
0.035138148814439774 
0.05449053645133972 
0.03817634657025337 
0.055207498371601105 
0.04261866956949234 
0.03654554486274719 
0.025901008397340775 
0.05516837537288666 
0.0397624745965004 
0.0448048934340477 
0.06945468485355377 
0.05465269833803177 
0.052778854966163635 
0.04984118044376373 
0.04937327653169632 
0.03601673245429993 
0.05496683716773987 
0.032800592482089996 
0.061208575963974 
0.041525062173604965 
0.052377913147211075 
0.05024844408035278 
0.041655391454696655 
0.056118443608284 
0.04803783446550369 
0.04551829770207405 
0.0717681273818016 
0.050735555589199066 
0.07865587621927261 
0.06213647499680519 
0.06202321499586105 
0.03527224063873291 
0.03933475911617279 
0.05413108319044113 
0.03928348049521446 
0.03277985006570816 
0.04296720027923584 
0.037095531821250916 
0.05284925550222397 
0.026381608098745346 
0.035232167690992355 
0.041194796562194824 
0.03857642412185669 
0.040520768612623215 
0.024320533499121666 
0.0511917769908905 
0.03379732370376587 
0.025274187326431274 
0.03363339975476265 
0.03010920062661171 
0.046287406235933304 
0.04787591099739075 
0.02489786595106125 
0.035668276250362396 
0.02654654160141945 
0.03247533366084099 
0.029399344697594643 
0.03357280045747757 
0.03261085972189903 
0.017072509974241257 
0.030363546684384346 
0.03059985861182213 
0.029661308974027634 
0.040828049182891846 
0.04270082339644432 
0.03982697054743767 
0.028719455003738403 
0.029040716588497162 
0.06129392609000206 
0.03049204871058464 
0.041508689522743225 
0.025623247027397156 
0.022901300340890884 
0.04534626007080078 
0.032697416841983795 
0.028781702741980553 
0.033297132700681686 
0.031829044222831726 
0.05129121243953705 
0.04784464091062546 
0.02697119489312172 
0.035239577293395996 
0.03239983320236206 
0.0295331422239542 
0.05917678773403168 
0.07426762580871582 
0.0439307764172554 
0.03977949917316437 
0.05537750571966171 
0.03843792527914047 
0.04991160333156586 
0.02408647909760475 
0.028121069073677063 
0.02300611324608326 
0.055570390075445175 
0.0281054750084877 
0.04539762809872627 
0.025663776323199272 
0.05448860302567482 
0.018950261175632477 
0.021867576986551285 
0.021716654300689697 
0.04064788296818733 
0.013586320914328098 
0.029801221564412117 
0.045916587114334106 
0.04594799503684044 
0.0387837290763855 
0.0551687553524971 
0.03869365155696869 
0.04997408017516136 
0.07159107178449631 
0.05208287388086319 
0.057045258581638336 
0.050093717873096466 
0.03081611543893814 
0.044504616409540176 
0.045720864087343216 
0.02714131958782673 
0.023863844573497772 
0.03926721215248108 
0.022034838795661926 
0.035344384610652924 
0.041831016540527344 
0.0441613607108593 
0.03647679463028908 
0.04343925416469574 
0.025417249649763107 
0.04922255128622055 
0.042859748005867004 
0.04580007493495941 
0.01778382435441017 
0.03863777592778206 
0.05092805624008179 
0.02728394605219364 
0.02803570032119751 
0.028387149795889854 
0.03406726196408272 
0.04087105393409729 
0.033809415996074677 
0.04239558428525925 
0.03389718756079674 
0.05786087363958359 
0.04314351826906204 
0.04375356435775757 
0.0387209914624691 
0.04279875382781029 
0.023393984884023666 
0.031126689165830612 
0.01912316307425499 
0.035614702850580215 
0.025058405473828316 
0.03619709983468056 
0.027742337435483932 
0.026670517399907112 
0.04876520857214928 
0.02625572308897972 
0.039011262357234955 
0.02950171008706093 
0.03739222139120102 
0.053450800478458405 
0.055649083107709885 
0.03877854347229004 
0.04150513559579849 
0.03113940916955471 
0.032159145921468735 
0.029727252200245857 
0.027521811425685883 
0.019983069971203804 
0.0451941192150116 
0.030990373343229294 
0.038073427975177765 
0.021259315311908722 
0.03560283035039902 
0.03359704092144966 
0.0356670543551445 
0.03455448895692825 
0.025509431958198547 
0.02468891814351082 
0.03329227864742279 
0.0360635407269001 
0.034829944372177124 
0.036694154143333435 
0.037456151098012924 
0.04996178299188614 
0.03306470438838005 
0.025703709572553635 
0.021459052339196205 
0.03813169524073601 
0.048498865216970444 
0.027616269886493683 
0.03054497018456459 
0.02803325094282627 
0.04987706243991852 
0.03280998766422272 
0.0331772044301033 
0.031465619802474976 
0.049873705953359604 
0.01940813660621643 
0.03542853146791458 
0.0292607843875885 
0.046271152794361115 
0.03609783202409744 
0.036719389259815216 
0.040353141725063324 
0.04810379445552826 
0.03821635991334915 
0.050983939319849014 
0.04539717361330986 
0.04059984162449837 
0.05574992671608925 
0.03473736718297005 
0.04237055033445358 
0.04736451432108879 
0.03537522628903389 
0.030050840228796005 
0.02468198351562023 
0.04715580493211746 
0.028991471976041794 
0.038668543100357056 
0.025229167193174362 
0.03774353861808777 
0.03857880085706711 
0.033097103238105774 
0.06460274755954742 
0.0390898622572422 
0.02769889310002327 
0.029006659984588623 
0.03677438944578171 
0.0238645076751709 
0.027661025524139404 
0.02313409373164177 
0.022692663595080376 
0.034217316657304764 
0.012550228275358677 
0.02117437869310379 
0.031299151480197906 
0.029260016977787018 
0.030480200424790382 
0.05135408416390419 
0.02090551145374775 
0.024398012086749077 
0.021045034751296043 
0.02316374145448208 
0.013747563585639 
0.028097350150346756 
0.030949855223298073 
0.026024527847766876 
0.0373360849916935 
0.02138192020356655 
0.015649018809199333 
0.03400793671607971 
0.03543378412723541 
0.03531787917017937 
0.03635268658399582 
0.0375843308866024 
0.03118351474404335 
0.027687646448612213 
0.030934514477849007 
0.024036888033151627 
0.020742572844028473 
0.029086481779813766 
0.03508526086807251 
0.04579480364918709 
0.030704211443662643 
0.023906264454126358 
0.03965601697564125 
0.0284787118434906 
0.036641836166381836 
0.039264753460884094 
0.036608681082725525 
0.06705139577388763 
0.025895366445183754 
0.04096326604485512 
0.029594074934720993 
0.029463011771440506 
0.035883449018001556 
0.02770182676613331 
0.041954271495342255 
0.048840127885341644 
0.043665409088134766 
0.045607779175043106 
0.04042181745171547 
0.04880721867084503 
0.0433318130671978 
0.05621833726763725 
0.047059789299964905 
0.02873292937874794 
0.04043365269899368 
0.024772003293037415 
0.03665164113044739 
0.024551788344979286 
0.03549179434776306 
0.030873486772179604 
0.030746886506676674 
0.04625993221998215 
0.02790306694805622 
0.027987077832221985 
0.021886076778173447 
0.03299722820520401 
0.03074607253074646 
0.023714397102594376 
0.023031599819660187 
0.04659997671842575 
0.03473349288105965 
0.033486101776361465 
0.036142151802778244 
0.03368908911943436 
0.03748390078544617 
0.025450389832258224 
0.022166453301906586 
0.02668594755232334 
0.016714636236429214 
0.023385027423501015 
0.016151033341884613 
0.02712901681661606 
0.025389589369297028 
0.02189542166888714 
0.03870384022593498 
0.04077654704451561 
0.037080682814121246 
0.05492820590734482 
0.024576280266046524 
0.04262404516339302 
0.05769545957446098 
0.025905484333634377 
0.03940824419260025 
0.03222588822245598 
0.046030011028051376 
0.029064591974020004 
0.03767445683479309 
0.024730846285820007 
0.07201466709375381 
0.030436290428042412 
0.03291104733943939 
0.03349614888429642 
0.03640281409025192 
0.03807251155376434 
0.028758693486452103 
0.02024511806666851 
0.032442715018987656 
0.012968664057552814 
0.042801663279533386 
0.03610105812549591 
0.02095651626586914 
0.015358086675405502 
0.03928222879767418 
0.019774820655584335 
0.031476281583309174 
0.03096335381269455 
0.0403408445417881 
0.03861667215824127 
0.03356233984231949 
0.059475287795066833 
0.024893727153539658 
0.053503379225730896 
0.024463661015033722 
0.04402138665318489 
0.03522484749555588 
0.025333914905786514 
0.06513229012489319 
0.020749973133206367 
0.044158414006233215 
0.05389269068837166 
0.02104918472468853 
0.0425465926527977 
0.057230085134506226 
0.035555675625801086 
0.029404830187559128 
0.027049724012613297 
0.02595740742981434 
0.020349541679024696 
0.03813370317220688 
0.02758950926363468 
0.05572371557354927 
0.04335826635360718 
0.03782057762145996 
0.024967672303318977 
0.043888844549655914 
0.06400677561759949 
0.03742408752441406 
0.0343598872423172 
0.03919435665011406 
0.03936640918254852 
0.05495895817875862 
0.07075131684541702 
0.04392729327082634 
0.06886668503284454 
0.02937597781419754 
0.036819592118263245 
0.027974318712949753 
0.034793876111507416 
0.040005821734666824 
0.03284411132335663 
0.05282168462872505 
0.03813118487596512 
0.029404839500784874 
0.036000315099954605 
0.023403078317642212 
0.019955694675445557 
0.0296659953892231 
0.03530024364590645 
0.03805321455001831 
0.02480348013341427 
0.029182186350226402 
0.04117846488952637 
0.031239833682775497 
0.047703567892313004 
0.036986224353313446 
0.02713138796389103 
0.016871033236384392 
0.03707972168922424 
0.02001478150486946 
0.022550666704773903 
0.016040708869695663 
0.028809688985347748 
0.022187422960996628 
0.04799649491906166 
0.03588716685771942 
0.026702413335442543 
0.041313547641038895 
0.01673034206032753 
0.026326706632971764 
0.024937013164162636 
0.01724334992468357 
0.019138285890221596 
0.026389196515083313 
0.030984675511717796 
0.024060752242803574 
0.03823878616094589 
0.02193504571914673 
0.0289553664624691 
0.033386413007974625 
0.02364707924425602 
0.025427252054214478 
0.019319474697113037 
0.03322213888168335 
0.034208446741104126 
0.024578049778938293 
0.02281171828508377 
0.03995029628276825 
0.019578196108341217 
0.015259962528944016 
0.025681547820568085 
0.020159700885415077 
0.013511314988136292 
0.02834099344909191 
0.0300094336271286 
0.01890314556658268 
0.03809058666229248 
0.018761664628982544 
0.016810676082968712 
0.01979014463722706 
0.017512347549200058 
0.020668968558311462 
0.03149288520216942 
0.014859208837151527 
0.0228949673473835 
0.020075654610991478 
0.01021889690309763 
0.028295719996094704 
0.02287248894572258 
0.02216479927301407 
0.035344500094652176 
0.031441204249858856 
0.026711799204349518 
0.020767617970705032 
0.029230572283267975 
0.0305563285946846 
0.029467936605215073 
0.02047000452876091 
0.023863092064857483 
0.012613698840141296 
0.030286641791462898 
0.022998129948973656 
0.02232988178730011 
0.027728678658604622 
0.04657994210720062 
0.022481314837932587 
0.04432407766580582 
0.0302179753780365 
0.022876007482409477 
0.024347249418497086 
0.016754863783717155 
0.027500009164214134 
0.017994780093431473 
0.043589286506175995 
0.0149504030123353 
0.015902642160654068 
0.004912164062261581 
0.01825074851512909 
0.006526129320263863 
0.021357743069529533 
0.03416924178600311 
0.025711234658956528 
0.01717812567949295 
0.04410070925951004 
0.02964681200683117 
0.02087407186627388 
0.03165268525481224 
0.016576597467064857 
0.025256570428609848 
0.01526433601975441 
0.02262507565319538 
0.03739248216152191 
0.03583962097764015 
0.027512330561876297 
0.03633181378245354 
0.02882370352745056 
0.030661841854453087 
0.026478983461856842 
0.034132540225982666 
0.05233773589134216 
0.045591529458761215 
0.028948884457349777 
0.04282459616661072 
0.03179702162742615 
0.032948754727840424 
0.03965851664543152 
0.0319865345954895 
0.05574868619441986 
0.028453465551137924 
0.09232857823371887 
0.04273563623428345 
0.04412734881043434 
0.04479251056909561 
0.039567627012729645 
0.05827045440673828 
0.05392642319202423 
0.07595586776733398 
0.047963373363018036 
0.03197664022445679 
0.03765106573700905 
0.03975312039256096 
0.03614557534456253 
0.036062728613615036 
0.05038650333881378 
0.03419496864080429 
0.06789285689592361 
0.04629141837358475 
0.04210523143410683 
0.034471917897462845 
0.024037307128310204 
0.023130882531404495 
0.01924876682460308 
0.03930184245109558 
0.03422928974032402 
0.029762785881757736 
0.016532212495803833 
0.03638623654842377 
0.02594427578151226 
0.031211044639348984 
0.02095741406083107 
0.030172858387231827 
0.027269462123513222 
0.02701481431722641 
0.09619317203760147 
0.03752952814102173 
0.03536287695169449 
0.0416690818965435 
0.026782117784023285 
0.018987230956554413 
0.03610025346279144 
0.038873761892318726 
0.03253600373864174 
0.02457888424396515 
0.05127084627747536 
0.021031871438026428 
0.04247180372476578 
0.018316209316253662 
0.02542373538017273 
0.03456457704305649 
0.019539624452590942 
0.0529576875269413 
0.05501610413193703 
0.03579384461045265 
0.046524498611688614 
0.04146178066730499 
0.06629256159067154 
0.04559393227100372 
0.029426053166389465 
0.03632020577788353 
0.04721673205494881 
0.038636647164821625 
0.0348525270819664 
0.03216446936130524 
0.035694099962711334 
0.03944098949432373 
0.04183602333068848 
0.031024809926748276 
0.05090409889817238 
0.029383733868598938 
0.03432990238070488 
0.049326278269290924 
0.03806757926940918 
0.036778297275304794 
0.03300841897726059 
0.03334398567676544 
0.029774898663163185 
0.030426442623138428 
0.028711482882499695 
0.045582789927721024 
0.040635861456394196 
0.03853484243154526 
0.03907784819602966 
0.035124775022268295 
0.0345139354467392 
0.030538300052285194 
0.044760607182979584 
0.045207247138023376 
0.05169757083058357 
0.019588494673371315 
0.024331744760274887 
0.03735597804188728 
0.017309579998254776 
0.028584877029061317 
0.039314500987529755 
0.03569670394062996 
0.021595442667603493 
0.024154648184776306 
0.019715484231710434 
0.01991015486419201 
0.01874317228794098 
0.05267544090747833 
0.031477946788072586 
0.020931269973516464 
0.04506612569093704 
0.031038101762533188 
0.03119228221476078 
0.017553182318806648 
0.04697953537106514 
0.019378114491701126 
0.030164051800966263 
0.03679351508617401 
0.036813557147979736 
0.0388864129781723 
0.03181665763258934 
0.01882988214492798 
0.02891949936747551 
0.02471083775162697 
0.0479140505194664 
0.02956055849790573 
0.020764153450727463 
0.03333887830376625 
0.025237062945961952 
0.027217114344239235 
0.022202622145414352 
0.06262250244617462 
0.02233656495809555 
0.03244619816541672 
0.016220659017562866 
0.038174331188201904 
0.020212536677718163 
0.052706919610500336 
0.022356923669576645 
0.04485365375876427 
0.03305864334106445 
0.04774342477321625 
0.04256780818104744 
0.04491454362869263 
0.01995818316936493 
0.033317215740680695 
0.03806465119123459 
0.045525018125772476 
0.014144513756036758 
0.01728017069399357 
0.022270021960139275 
0.02652997151017189 
0.022433923557400703 
0.014570949599146843 
0.02219374105334282 
0.034341488033533096 
0.025265047326683998 
0.023432837799191475 
0.02461775578558445 
0.026966115459799767 
0.022487837821245193 
0.03216046094894409 
0.01791641302406788 
0.02780766598880291 
0.038686640560626984 
0.027357783168554306 
0.04440044239163399 
0.02106640301644802 
0.02736482582986355 
0.041539471596479416 
0.0340619720518589 
0.025892989709973335 
0.02760971337556839 
0.022503940388560295 
0.022143933922052383 
0.03786326199769974 
0.028957806527614594 
0.01881301775574684 
0.029956664890050888 
0.03204033523797989 
0.02840437926352024 
0.018706196919083595 
0.02213798649609089 
0.030846118927001953 
0.03551780804991722 
0.0347016379237175 
0.016411878168582916 
0.04859723150730133 
0.03279053047299385 
0.037514038383960724 
0.03287177160382271 
0.03138073533773422 
0.0255606509745121 
0.042874664068222046 
0.04207335039973259 
0.030163828283548355 
0.02323371358215809 
0.013145077042281628 
0.03181803226470947 
0.027570459991693497 
0.04110940173268318 
0.0284130722284317 
0.0326898992061615 
0.040235891938209534 
0.02183684892952442 
0.01595151051878929 
0.011605247855186462 
0.03162773326039314 
0.024260394275188446 
0.03873245790600777 
0.030094612389802933 
0.019815118983387947 
0.02755635976791382 
0.01605970412492752 
0.034821175038814545 
0.023412516340613365 
0.02348780259490013 
0.024828534573316574 
0.03390873223543167 
0.025315850973129272 
0.02552695758640766 
0.0212416872382164 
0.025825852528214455 
0.04170707240700722 
0.04251088201999664 
0.04912324994802475 
0.04172103852033615 
0.051253825426101685 
0.07166124880313873 
0.05892482399940491 
0.05500170961022377 
0.05517107993364334 
0.05693216249346733 
0.02930460311472416 
0.08492989838123322 
0.03523227944970131 
0.058525241911411285 
0.061116158962249756 
0.03283178061246872 
0.06430594623088837 
0.0233683492988348 
0.06205538660287857 
0.03994874656200409 
0.02862774021923542 
0.03333493322134018 
0.0429864376783371 
0.024655159562826157 
0.027260657399892807 
0.04235195368528366 
0.011877434328198433 
0.05111827701330185 
0.013059102930128574 
0.03257691115140915 
0.01957414671778679 
0.041993819177150726 
0.0184355229139328 
0.030485130846500397 
0.03883352130651474 
0.045134834945201874 
0.02903789095580578 
0.030456649139523506 
0.018067531287670135 
0.02462802454829216 
0.027976859360933304 
0.034888602793216705 
0.03596261143684387 
0.03239181637763977 
0.01667461358010769 
0.037254661321640015 
0.015709368512034416 
0.019112790003418922 
0.0236275102943182 
0.015157375484704971 
0.01922024041414261 
0.025755001232028008 
0.011993315070867538 
0.01932985708117485 
0.02857057750225067 
0.018585290759801865 
0.01437541376799345 
0.04175446182489395 
0.027121692895889282 
0.03640972077846527 
0.03884528949856758 
0.019962551072239876 
0.019426271319389343 
0.03542504459619522 
0.050854042172431946 
0.02194890007376671 
0.026070233434438705 
0.04595130681991577 
0.03640945628285408 
0.03063637763261795 
0.04036673530936241 
0.06917169690132141 
0.021282540634274483 
0.028390469029545784 
0.03317059949040413 
0.02381245046854019 
0.028072942048311234 
0.03207379952073097 
0.02616063877940178 
0.03431534022092819 
0.019307585433125496 
0.03040311485528946 
0.03872734308242798 
0.02531910501420498 
0.04866193234920502 
0.03756385296583176 
0.03169112652540207 
0.021676048636436462 
0.0326370969414711 
0.0343412421643734 
0.02360197901725769 
0.032622870057821274 
0.027873042970895767 
0.04555470496416092 
0.04242005571722984 
0.028718439862132072 
0.023362411186099052 
0.02783150039613247 
0.034859057515859604 
0.029650826007127762 
0.036563724279403687 
0.028773589059710503 
0.030344076454639435 
0.02576056681573391 
0.03603609278798103 
0.02402118220925331 
0.024154582992196083 
0.020646579563617706 
0.038561154156923294 
0.04231024906039238 
0.03142550587654114 
0.04624977335333824 
0.021290825679898262 
0.02391223795711994 
0.0262230783700943 
0.021039577201008797 
0.03496965020895004 
0.00960983894765377 
0.02036757580935955 
0.013102543540298939 
0.01508164033293724 
0.020577143877744675 
0.019649671390652657 
0.03780423104763031 
0.018320580944418907 
0.03997546061873436 
0.018150409683585167 
0.04069531336426735 
0.029711663722991943 
0.01648383028805256 
0.02775048278272152 
0.03349440544843674 
0.01903499849140644 
0.027235371991991997 
0.029106885194778442 
0.013675911352038383 
0.021351125091314316 
0.018846143037080765 
0.027734417468309402 
0.02162867970764637 
0.018994750455021858 
0.019244808703660965 
0.0287383534014225 
0.036552976816892624 
0.01643526181578636 
0.03975930064916611 
0.032140910625457764 
0.02507181465625763 
0.03538845106959343 
0.021884266287088394 
0.02731703408062458 
0.015075666829943657 
0.0343109630048275 
0.0273674838244915 
0.023205634206533432 
0.04090200737118721 
0.06904029846191406 
0.035475172102451324 
0.025543726980686188 
0.015013221651315689 
0.04492310434579849 
0.029164863750338554 
0.05533749982714653 
0.048627398908138275 
0.03294800966978073 
0.03251541778445244 
0.018405336886644363 
0.04790245741605759 
0.023179981857538223 
0.02546507865190506 
0.0206533744931221 
0.029516760259866714 
0.04233479127287865 
0.03102310560643673 
0.023622475564479828 
0.043186452239751816 
0.024119384586811066 
0.03158039227128029 
0.05961010605096817 
0.025014568120241165 
0.04256673529744148 
0.045594774186611176 
0.03343532606959343 
0.02601572498679161 
0.02549738995730877 
0.03241186961531639 
0.023670172318816185 
0.022325513884425163 
0.02740493416786194 
0.01903688535094261 
0.046672459691762924 
0.021618563681840897 
0.03947063162922859 
0.02270590141415596 
0.029726700857281685 
0.01639547571539879 
0.01394621841609478 
0.023457765579223633 
0.04200713336467743 
0.014493603259325027 
0.041943490505218506 
0.04087984934449196 
0.030450712889432907 
0.044225938618183136 
0.05230981856584549 
0.02909770980477333 
0.020442333072423935 
0.025029806420207024 
0.04810187965631485 
0.022424234077334404 
0.044476985931396484 
0.02070600539445877 
0.020139772444963455 
0.026986073702573776 
0.025635411962866783 
0.02524436265230179 
0.022764893248677254 
0.023976417258381844 
0.01963014155626297 
0.019065650179982185 
0.01953396573662758 
0.01952020451426506 
0.0226227305829525 
0.04094111546874046 
0.025358345359563828 
0.01878717541694641 
0.022043302655220032 
0.018862491473555565 
0.02748078852891922 
0.013934127986431122 
0.026476413011550903 
0.02565128356218338 
0.020173724740743637 
0.017985384911298752 
0.009332145564258099 
0.03860487788915634 
0.012531193904578686 
0.015563283115625381 
0.011033978313207626 
0.02791941538453102 
0.021840982139110565 
0.022387757897377014 
0.01235264539718628 
0.030097585171461105 
0.0162796713411808 
0.03644471615552902 
0.026678500697016716 
0.020283367484807968 
0.03713902086019516 
0.0425911545753479 
0.03521549701690674 
0.05250649154186249 
0.03834736347198486 
0.01825535297393799 
0.011304089799523354 
0.03379857912659645 
0.021059775725007057 
0.02151598036289215 
0.023433489724993706 
0.05204449221491814 
0.01798716001212597 
0.021068211644887924 
0.03301939368247986 
0.013516226783394814 
0.02445669285953045 
0.031073953956365585 
0.03125029429793358 
0.023173607885837555 
0.018030239269137383 
0.017033979296684265 
0.012110834009945393 
0.027516957372426987 
0.018742242828011513 
0.03251483291387558 
0.025295358151197433 
0.022940535098314285 
0.03170162811875343 
0.018416032195091248 
0.03458698093891144 
0.03360290080308914 
0.020327437669038773 
0.025634191930294037 
0.016511958092451096 
0.022179262712597847 
0.017379749566316605 
0.016655363142490387 
0.004926308523863554 
0.022797344252467155 
0.02781565859913826 
0.022871166467666626 
0.022493399679660797 
0.018961366266012192 
0.01225872989743948 
0.009745667688548565 
0.013605209067463875 
0.00859590619802475 
0.022581860423088074 
0.02729378268122673 
0.021666165441274643 
0.02501412108540535 
0.018156234174966812 
0.026705725118517876 
0.029203321784734726 
0.01823877915740013 
0.026694241911172867 
0.02730519138276577 
0.009823901578783989 
0.014612901955842972 
0.014230611734092236 
0.029294349253177643 
0.02267410047352314 
0.025714721530675888 
0.02241508662700653 
0.03615980222821236 
0.022541940212249756 
0.0283878855407238 
0.026128889992833138 
0.02475113607943058 
0.03238411992788315 
0.04216612130403519 
0.022657319903373718 
0.022580061107873917 
0.015880314633250237 
0.017952505499124527 
0.03771419823169708 
0.028579115867614746 
0.025183048099279404 
0.019162897020578384 
0.02414126694202423 
0.024165108799934387 
0.019078122451901436 
0.009731714613735676 
0.01580900326371193 
0.015241933055222034 
0.017252430319786072 
0.015046851709485054 
0.03305511176586151 
0.04117853567004204 
0.01991768553853035 
0.02438625879585743 
0.03617825359106064 
0.02080051228404045 
0.034151576459407806 
0.020817231386899948 
0.04405217617750168 
0.022808603942394257 
0.01981985569000244 
0.022767173126339912 
0.021743087098002434 
0.030523885041475296 
0.03130313754081726 
0.024549543857574463 
0.022300107404589653 
0.015346170403063297 
0.029385577887296677 
0.030032772570848465 
0.030772782862186432 
0.014327775686979294 
0.011265955865383148 
0.03188824653625488 
0.02422436699271202 
0.031024374067783356 
0.020712686702609062 
0.01579141616821289 
0.0486278161406517 
0.017844457179307938 
0.034335069358348846 
0.024954942986369133 
0.031157873570919037 
0.03012929856777191 
0.015249934047460556 
0.021638724952936172 
0.013131947256624699 
0.031861141324043274 
0.02259005419909954 
0.028471985831856728 
0.012159356847405434 
0.027236655354499817 
0.04214685410261154 
0.01738954335451126 
0.03158370405435562 
0.02175005152821541 
0.01624496467411518 
0.031715866178274155 
0.013814502395689487 
0.020301243290305138 
0.02562306448817253 
0.017733534798026085 
0.02781408466398716 
0.0253123976290226 
0.027190882712602615 
0.0414159782230854 
0.024853870272636414 
0.012923182919621468 
0.06605218350887299 
0.02550584264099598 
0.032272819429636 
0.0109682222828269 
0.0365942120552063 
0.04565521702170372 
0.030540630221366882 
0.017670657485723495 
0.034360334277153015 
0.035940010100603104 
0.019062304869294167 
0.027115613222122192 
0.03365543857216835 
0.049709443002939224 
0.01953754387795925 
0.03057538904249668 
0.03294691443443298 
0.03157108649611473 
0.027516843751072884 
0.019583098590373993 
0.06327866017818451 
0.03142184764146805 
0.04229453206062317 
0.04129815474152565 
0.04676448553800583 
0.03482718765735626 
0.03704217076301575 
0.060194432735443115 
0.03523003309965134 
0.04849080741405487 
0.019919125363230705 
0.030711699277162552 
0.014062151312828064 
0.015730150043964386 
0.027819529175758362 
0.023615887388586998 
0.03568470850586891 
0.040314123034477234 
0.021947843953967094 
0.015230628661811352 
0.016386017203330994 
0.030149444937705994 
0.013563843443989754 
0.040454648435115814 
0.015053109265863895 
0.014833579771220684 
0.0181285310536623 
0.046013716608285904 
0.028241997584700584 
0.045696549117565155 
0.026685791090130806 
0.04304278641939163 
0.03546438738703728 
0.05998564511537552 
0.05946432054042816 
0.04885656386613846 
0.044639721512794495 
0.026968762278556824 
0.020988838747143745 
0.02995700016617775 
0.012701727449893951 
0.0197638887912035 
0.02309306710958481 
0.015591940842568874 
0.024205580353736877 
0.028618067502975464 
0.01782374270260334 
0.017657922580838203 
0.020518340170383453 
0.016972946003079414 
0.020614735782146454 
0.015579856932163239 
0.010514970868825912 
0.037185586988925934 
0.009953634813427925 
0.029578035697340965 
0.017999770119786263 
0.01468214113265276 
0.022072680294513702 
0.03217436745762825 
0.021303066983819008 
0.016415910795331 
0.021930912509560585 
0.028964392840862274 
0.014227832667529583 
0.024788442999124527 
0.021399399265646935 
0.019478395581245422 
0.018580686300992966 
0.023632684722542763 
0.027873514220118523 
0.032554931938648224 
0.025989973917603493 
0.01993458718061447 
0.026223640888929367 
0.018283702433109283 
0.013113539665937424 
0.02103196643292904 
0.02900676243007183 
0.01861942745745182 
0.015631208196282387 
0.01918167993426323 
0.012947754934430122 
0.015603051520884037 
0.011342707090079784 
0.01869833841919899 
0.01992638409137726 
0.012754874303936958 
0.01577312871813774 
0.021882859990000725 
0.015160558745265007 
0.01900193840265274 
0.017876561731100082 
0.016395993530750275 
0.02340511977672577 
0.012817705050110817 
0.030717892572283745 
0.013331040740013123 
0.017107496038079262 
0.02720925584435463 
0.0296420156955719 
0.027924902737140656 
0.03340917080640793 
0.049552567303180695 
0.03386244922876358 
0.03581403195858002 
0.01786119118332863 
0.026943389326334 
0.01903623342514038 
0.0272810198366642 
0.015281155705451965 
0.027514426037669182 
0.015062499791383743 
0.025167856365442276 
0.03487309813499451 
0.028414178639650345 
0.015506497584283352 
0.0509464405477047 
0.021040063351392746 
0.02733379788696766 
0.025257641449570656 
0.023178905248641968 
0.025469213724136353 
0.023130930960178375 
0.018611013889312744 
0.018268734216690063 
0.02921561896800995 
0.028682589530944824 
0.02135559916496277 
0.022683899849653244 
0.023845694959163666 
0.017793240025639534 
0.017415015026926994 
0.022568564862012863 
0.023151827976107597 
0.02583000622689724 
0.011802509427070618 
0.02228941023349762 
0.011549342423677444 
0.024260785430669785 
0.014235392212867737 
0.021891115233302116 
0.011671590618789196 
0.015505043789744377 
0.01789761520922184 
0.007743011228740215 
0.014086891897022724 
0.019956422969698906 
0.009092380292713642 
0.016097169369459152 
0.007186563219875097 
0.009180746972560883 
0.010306555777788162 
0.015103031881153584 
0.012821199372410774 
0.017941812053322792 
0.013019291684031487 
0.011310406029224396 
0.015864424407482147 
0.012813983485102654 
0.016260575503110886 
0.014777607284486294 
0.02340349555015564 
0.02868291363120079 
0.016731850802898407 
0.02575354278087616 
0.009468513540923595 
0.022555304691195488 
0.01873033680021763 
0.010503500699996948 
0.016458217054605484 
0.025344058871269226 
0.01793132908642292 
0.02666522189974785 
0.02605135552585125 
0.017173925414681435 
0.04032043740153313 
0.021640818566083908 
0.04953921586275101 
0.020010970532894135 
0.018728461116552353 
0.03238464519381523 
0.013212712481617928 
0.02393454685807228 
0.01923554204404354 
0.021390382200479507 
0.02876642718911171 
0.019537905231118202 
0.025038134306669235 
0.014500790275633335 
0.02205425500869751 
0.016113795340061188 
0.02093140408396721 
0.014534179121255875 
0.017745481804013252 
0.015842311084270477 
0.0137505903840065 
0.012331523001194 
0.011886748485267162 
0.010543405078351498 
0.012609651312232018 
0.015956196933984756 
0.01688542403280735 
0.019252369180321693 
0.01577218808233738 
0.025502951815724373 
0.024516280740499496 
0.017966220155358315 
0.016127338632941246 
0.015617413446307182 
0.01858091913163662 
0.014001047238707542 
0.01890968158841133 
0.017619892954826355 
0.013964136131107807 
0.015539041720330715 
0.04362861067056656 
0.014967111870646477 
0.0251218993216753 
0.024439360946416855 
0.021355394273996353 
0.01791771501302719 
0.041601721197366714 
0.03136105835437775 
0.02381948009133339 
0.03680849447846413 
0.040703821927309036 
0.023660197854042053 
0.026131536811590195 
0.009359338320791721 
0.04512713477015495 
0.022539213299751282 
0.016593970358371735 
0.015313426032662392 
0.01631343923509121 
0.02768787182867527 
0.03165493160486221 
0.02015756070613861 
0.018729934468865395 
0.019775355234742165 
0.020190812647342682 
0.026556994765996933 
0.03573915362358093 
0.02060980722308159 
0.04367778077721596 
0.018166029825806618 
0.03367111086845398 
0.026018965989351273 
0.014620129950344563 
0.028372080996632576 
0.031130433082580566 
0.0415659174323082 
0.023856619372963905 
0.010792084038257599 
0.031316306442022324 
0.02853167988359928 
0.04317440092563629 
0.03289546072483063 
0.0333523191511631 
0.017969675362110138 
0.026869071647524834 
0.0384543277323246 
0.02840113267302513 
0.04409841448068619 
0.03391396626830101 
0.01862177439033985 
0.02844393625855446 
0.029434097930788994 
0.04019104689359665 
0.040152788162231445 
0.017441172152757645 
0.06217280030250549 
0.022000545635819435 
0.03577171266078949 
0.01643356680870056 
0.02619079127907753 
0.010748986154794693 
0.011597413569688797 
0.013784738257527351 
0.011635135859251022 
0.02518037147819996 
0.030397184193134308 
0.02020455151796341 
0.02320520579814911 
0.02123967371881008 
0.029020171612501144 
0.01633802242577076 
0.020786214619874954 
0.013387099839746952 
0.010484432801604271 
0.014246867969632149 
0.009563611820340157 
0.0082103181630373 
0.00726671889424324 
0.016665587201714516 
0.005403636954724789 
0.012778820469975471 
0.007982577197253704 
0.008373717777431011 
0.00894519966095686 
0.010545155964791775 
0.020899828523397446 
0.010326772928237915 
0.028705459088087082 
0.01403103955090046 
0.04326929897069931 
0.019154779613018036 
0.014077096246182919 
0.010281371884047985 
0.008703876286745071 
0.033102475106716156 
0.013983716256916523 
0.022498000413179398 
0.013405858539044857 
0.02064819261431694 
0.016383914276957512 
0.01174543984234333 
0.014433534815907478 
0.019953645765781403 
0.007693320047110319 
0.012018853798508644 
0.013721264898777008 
0.014747238717973232 
0.026001235470175743 
0.01169264130294323 
0.04097682610154152 
0.02380392886698246 
0.021755194291472435 
0.04212182015180588 
0.025059787556529045 
0.02295510098338127 
0.0252821147441864 
0.008646930567920208 
0.017545124515891075 
0.012926905415952206 
0.015860235318541527 
0.022907571867108345 
0.020186815410852432 
0.014958684332668781 
0.016085997223854065 
0.01340782456099987 
0.011833755299448967 
0.023443737998604774 
0.013276388868689537 
0.02872166410088539 
0.02257228083908558 
0.029953232035040855 
0.022798197343945503 
0.01173035055398941 
0.03588010370731354 
0.02469330094754696 
0.02126513049006462 
0.040385652333498 
0.012419313192367554 
0.012910695746541023 
0.0379142127931118 
0.016663815826177597 
0.015767358243465424 
0.03991847112774849 
0.013046197593212128 
0.026615746319293976 
0.0127479936927557 
0.021337363868951797 
0.01944155991077423 
0.025321129709482193 
0.01569433882832527 
0.02357036992907524 
0.01612001843750477 
0.02999240532517433 
0.022975357249379158 
0.013379345647990704 
0.017849065363407135 
0.04006922245025635 
0.032908275723457336 
0.039417825639247894 
0.06844322383403778 
0.02199849858880043 
0.025557829067111015 
0.0194182638078928 
0.025358334183692932 
0.027147939428687096 
0.02813703380525112 
0.009583665989339352 
0.020408639684319496 
0.020229492336511612 
0.013516648672521114 
0.027035431936383247 
0.025570642203092575 
0.022020835429430008 
0.015276175923645496 
0.04273555427789688 
0.01704634353518486 
0.053279124200344086 
0.029363201931118965 
0.0445154644548893 
0.04012558236718178 
0.017046330496668816 
0.02390848845243454 
0.029470670968294144 
0.021511636674404144 
0.015116320922970772 
0.04146001487970352 
0.024041522294282913 
0.030919156968593597 
0.03470034897327423 
0.01700776070356369 
0.02232331782579422 
0.032846204936504364 
0.0343780517578125 
0.040644481778144836 
0.024466248229146004 
0.03559143841266632 
0.029705427587032318 
0.034846507012844086 
0.028938837349414825 
0.04685983434319496 
0.027616269886493683 
0.029096996411681175 
0.028444167226552963 
0.01941297948360443 
0.038545649498701096 
0.04355736821889877 
0.02955402061343193 
0.05925754830241203 
0.04291103407740593 
0.03818093240261078 
0.04001293331384659 
0.046084605157375336 
0.03186146914958954 
0.04099222272634506 
0.061045899987220764 
0.05515262112021446 
0.0621391125023365 
0.025492683053016663 
0.06014523655176163 
0.05521160364151001 
0.029717855155467987 
0.048316702246665955 
0.06592997163534164 
0.040630511939525604 
0.0502423420548439 
0.03214053809642792 
0.028213026002049446 
0.034531597048044205 
0.018615800887346268 
0.03274214640259743 
0.028986724093556404 
0.028597278520464897 
0.040589142590761185 
0.023125603795051575 
0.047457125037908554 
0.030894698575139046 
0.03604736924171448 
0.025010567158460617 
0.043965719640254974 
0.029593952000141144 
0.030133478343486786 
0.03576655685901642 
0.026077033951878548 
0.019301675260066986 
0.024658314883708954 
0.058008868247270584 
0.03184635192155838 
0.015773504972457886 
0.029181163758039474 
0.02090245857834816 
0.018989551812410355 
0.027722593396902084 
0.01499237772077322 
0.01444974634796381 
0.02308417670428753 
0.037511568516492844 
0.02636280283331871 
0.027097459882497787 
0.03065177984535694 
0.03511185944080353 
0.020773712545633316 
0.03263193741440773 
0.021791337057948112 
0.022014576941728592 
0.019743382930755615 
0.012755341827869415 
0.020023414865136147 
0.018062088638544083 
0.019924083724617958 
0.02468881383538246 
0.01112187746912241 
0.01176493801176548 
0.02378040738403797 
0.02564561739563942 
0.01614478789269924 
0.02136208489537239 
0.030632218345999718 
0.022982563823461533 
0.01704227551817894 
0.02408485673367977 
0.02660125121474266 
0.01600361056625843 
0.022012781351804733 
0.01687035709619522 
0.018710900098085403 
0.03735906630754471 
0.02316758595407009 
0.02693154104053974 
0.029230723157525063 
0.009875930845737457 
0.03311380371451378 
0.022290393710136414 
0.02657703310251236 
0.02524636685848236 
0.03599313646554947 
0.01310453936457634 
0.01948956400156021 
0.03363409638404846 
0.036798346787691116 
0.027377795428037643 
0.030911358073353767 
0.03640710562467575 
0.03785112500190735 
0.028324391692876816 
0.020736336708068848 
0.03487211838364601 
0.02255326882004738 
0.018159564584493637 
0.026329707354307175 
0.010792089626193047 
0.021752480417490005 
0.027354471385478973 
0.014773927628993988 
0.028942208737134933 
0.04147765040397644 
0.04667407646775246 
0.032855965197086334 
0.056489892303943634 
0.03409947082400322 
0.03653053939342499 
0.02623596042394638 
0.022341428324580193 
0.0352022722363472 
0.057553958147764206 
0.03531910479068756 
0.026257161051034927 
0.05310385674238205 
0.01520488504320383 
0.027307042852044106 
0.02250579558312893 
0.026139531284570694 
0.03351040184497833 
0.02218589372932911 
0.01724906452000141 
0.01866706646978855 
0.013442302122712135 
0.016339914873242378 
0.02036411315202713 
0.0160435251891613 
0.024916239082813263 
0.019044935703277588 
0.008038489148020744 
0.010970452800393105 
0.013496892526745796 
0.03601444885134697 
0.013294625096023083 
0.010152735747396946 
0.01938886195421219 
0.007354074157774448 
0.025673547759652138 
0.012152986600995064 
0.023837406188249588 
0.02012753114104271 
0.016836950555443764 
0.01881164312362671 
0.01594170182943344 
0.020773719996213913 
0.02503879740834236 
0.016476089134812355 
0.013126207515597343 
0.011519743129611015 
0.03372073173522949 
0.009278603829443455 
0.016843276098370552 
0.02008862979710102 
0.017303310334682465 
0.020879238843917847 
0.01372605375945568 
0.0131139624863863 
0.017371980473399162 
0.010193446651101112 
0.01053418219089508 
0.006692814640700817 
0.016315732151269913 
0.022308900952339172 
0.015658613294363022 
0.020280377939343452 
0.007992577739059925 
0.01183788850903511 
0.017551476135849953 
0.010209829546511173 
0.017217066138982773 
0.019126921892166138 
0.0183978620916605 
0.012788411229848862 
0.035798512399196625 
0.023238059133291245 
0.016496099531650543 
0.031383149325847626 
0.009952974505722523 
0.011653484776616096 
0.014518278650939465 
0.021023785695433617 
0.019355524331331253 
0.02666711062192917 
0.029557188972830772 
0.00987427867949009 
0.008624562993645668 
0.04341398552060127 
0.02480103261768818 
0.018425028771162033 
0.03979753702878952 
0.020077385008335114 
0.03485480695962906 
0.03474276885390282 
0.023221489042043686 
0.0361916609108448 
0.01765367202460766 
0.023235633969306946 
0.04769136756658554 
0.014304712414741516 
0.042655132710933685 
0.039021387696266174 
0.022955315187573433 
0.020919375121593475 
0.024311944842338562 
0.018589060753583908 
0.009598007425665855 
0.025736577808856964 
0.022435352206230164 
0.02799762599170208 
0.028667302802205086 
0.02094700187444687 
0.014223936945199966 
0.02302299253642559 
0.037820152938365936 
0.031093722209334373 
0.02845349907875061 
0.0181137528270483 
0.021710501983761787 
0.025874469429254532 
0.03979914262890816 
0.023311305791139603 
0.022454891353845596 
0.04458241164684296 
0.024705078452825546 
0.0334702767431736 
0.0162300206720829 
0.04641169682145119 
0.03233570232987404 
0.013798105530440807 
0.02001834288239479 
0.02511093020439148 
0.04215830937027931 
0.02645248919725418 
0.02383175492286682 
0.01866598054766655 
0.0336519218981266 
0.02647428587079048 
0.04568427801132202 
0.040286287665367126 
0.021622374653816223 
0.047531209886074066 
0.014711558818817139 
0.02013072557747364 
0.02397381328046322 
0.042140353471040726 
0.06150045245885849 
0.016811704263091087 
0.03151261806488037 
0.030292730778455734 
0.026000065729022026 
0.04029349237680435 
0.02424740605056286 
0.027602585032582283 
0.025021648034453392 
0.026011724025011063 
0.037063661962747574 
0.017520751804113388 
0.036542486399412155 
0.025324013084173203 
0.020564019680023193 
0.024967720732092857 
0.029515042901039124 
0.02100418321788311 
0.02124161086976528 
0.014710652641952038 
0.01522855181246996 
0.015200573951005936 
0.018192285671830177 
0.01762979105114937 
0.010163174010813236 
0.015012014657258987 
0.016704056411981583 
0.012714315205812454 
0.02371894381940365 
0.009572917595505714 
0.022374581545591354 
0.020320113748311996 
0.01244425680488348 
0.015060961246490479 
0.012214232236146927 
0.022695861756801605 
0.01731206849217415 
0.019004687666893005 
0.013583449646830559 
0.02458936534821987 
0.014845945872366428 
0.029236851260066032 
0.01421528123319149 
0.023063035681843758 
0.01931006833910942 
0.013994885608553886 
0.022745154798030853 
0.017066314816474915 
0.022403040900826454 
0.014978853054344654 
0.015777677297592163 
0.014182239770889282 
0.019919825717806816 
0.01414396520704031 
0.010627415031194687 
0.01898621767759323 
0.013149568811058998 
0.009418925270438194 
0.018988260999321938 
0.015629686415195465 
0.029533669352531433 
0.018573224544525146 
0.012321975082159042 
0.018372438848018646 
0.01922394335269928 
0.012673470191657543 
0.011255171149969101 
0.013259254395961761 
0.010592352598905563 
0.017902959138154984 
0.019223682582378387 
0.012217053212225437 
0.0145828016102314 
0.011941470205783844 
0.008229253813624382 
0.019075237214565277 
0.018732864409685135 
0.018938101828098297 
0.017071958631277084 
0.011784777976572514 
0.015872269868850708 
0.012520650401711464 
0.022963199764490128 
0.01881873793900013 
0.01257642637938261 
0.010617208667099476 
0.028487540781497955 
0.016980014741420746 
0.020464465022087097 
0.017923973500728607 
0.022158067673444748 
0.028095265850424767 
0.028000108897686005 
0.023826206102967262 
0.030809685587882996 
0.021912433207035065 
0.03206426277756691 
0.015573512762784958 
0.05193212255835533 
0.028874456882476807 
0.014580766670405865 
0.013733136467635632 
0.019503870978951454 
0.024598879739642143 
0.025007614865899086 
0.012747338972985744 
0.01988624967634678 
0.012163585051894188 
0.012780271470546722 
0.021183520555496216 
0.015814097598195076 
0.024440478533506393 
0.018518107011914253 
0.009723534807562828 
0.012579387053847313 
0.021491844207048416 
0.025346718728542328 
0.021539710462093353 
0.01321990042924881 
0.01929306425154209 
0.024010423570871353 
0.025537453591823578 
0.02759089693427086 
0.024371152743697166 
0.02197655476629734 
0.025890104472637177 
0.02597712352871895 
0.02022343873977661 
0.030093230307102203 
0.018757520243525505 
0.021774590015411377 
0.019162407144904137 
0.020053409039974213 
0.018888842314481735 
0.04714750126004219 
0.019133953377604485 
0.016925353556871414 
0.020932219922542572 
0.00976527202874422 
0.019339201971888542 
0.021589960902929306 
0.014012319035828114 
0.03731319680809975 
0.014463312923908234 
0.02427808940410614 
0.0362122468650341 
0.010089532472193241 
0.028217680752277374 
0.02684078924357891 
0.02931126207113266 
0.01797456294298172 
0.024275897070765495 
0.026639647781848907 
0.018414774909615517 
0.04242057353258133 
0.018382254987955093 
0.023487461730837822 
0.015573227778077126 
0.031929127871990204 
0.028851862996816635 
0.0434684231877327 
0.025630954653024673 
0.04774991422891617 
0.024909408763051033 
0.022395923733711243 
0.061959195882081985 
0.015538044273853302 
0.03702884167432785 
0.021945348009467125 
0.0304091926664114 
0.04586769640445709 
0.0297083780169487 
0.00969669222831726 
0.02082822658121586 
0.03531820699572563 
0.04323733597993851 
0.02490483969449997 
0.01940705068409443 
0.026537057012319565 
0.004267007112503052 
0.01834075339138508 
0.02734382450580597 
0.029891744256019592 
0.035967305302619934 
0.022426821291446686 
0.012685940600931644 
0.03345200791954994 
0.018337132409214973 
0.016495391726493835 
0.029423709958791733 
0.027021247893571854 
0.015302607789635658 
0.05787554383277893 
0.033004920929670334 
0.055503711104393005 
0.02232932299375534 
0.040071673691272736 
0.044066157191991806 
0.03453721106052399 
0.021284770220518112 
0.043989911675453186 
0.040532488375902176 
0.027373529970645905 
0.0317932553589344 
0.04055767133831978 
0.018078740686178207 
0.02821682021021843 
0.042464688420295715 
0.03130491450428963 
0.01789446361362934 
0.025001995265483856 
0.0203215554356575 
0.02003532089293003 
0.027762312442064285 
0.01111494842916727 
0.013978203758597374 
0.019778680056333542 
0.023990992456674576 
0.029904339462518692 
0.019972776994109154 
0.03113006427884102 
0.02190968208014965 
0.012878533452749252 
0.026788342744112015 
0.015435008332133293 
0.011950494721531868 
0.015476780012249947 
0.015820421278476715 
0.01786886341869831 
0.012044083327054977 
0.006766187027096748 
0.01851384900510311 
0.020014647394418716 
0.01291290670633316 
0.019099237397313118 
0.018809016793966293 
0.01967562735080719 
0.030269261449575424 
0.029874173924326897 
0.04336486756801605 
0.024179110303521156 
0.00862736813724041 
0.044469840824604034 
0.02655063569545746 
0.030642341822385788 
0.03009539656341076 
0.04727458953857422 
0.03868246451020241 
0.020462870597839355 
0.03466689959168434 
0.04365849494934082 
0.01959127187728882 
0.030003899708390236 
0.03766315057873726 
0.023086480796337128 
0.03731757774949074 
0.04068887233734131 
0.03150820732116699 
0.02223922684788704 
0.027851253747940063 
0.02116849087178707 
0.04369448125362396 
0.03108164481818676 
0.027661141008138657 
0.026945605874061584 
0.05310056358575821 
0.03031020425260067 
0.02659670263528824 
0.03168974816799164 
0.03788615018129349 
0.041579924523830414 
0.02956557273864746 
0.0221381988376379 
0.01649347133934498 
0.04949908331036568 
0.03955117240548134 
0.03595147654414177 
0.011390410363674164 
0.03122265450656414 
0.023858128115534782 
0.060433998703956604 
0.017651168629527092 
0.011634456925094128 
0.02552124299108982 
0.023721393197774887 
0.018874604254961014 
0.018130313605070114 
0.010469001717865467 
0.0339730940759182 
0.030672255903482437 
0.02850373089313507 
0.019695628434419632 
0.025949500501155853 
0.024058323353528976 
0.021915024146437645 
0.021324370056390762 
0.03076629713177681 
0.040736325085163116 
0.02187507227063179 
0.014349846169352531 
0.0313325971364975 
0.030520765110850334 
0.018245382234454155 
0.03970246762037277 
0.02991558238863945 
0.037657417356967926 
0.031838309019804 
0.014038484543561935 
0.023617293685674667 
0.019852615892887115 
0.017176341265439987 
0.03508608415722847 
0.027277424931526184 
0.023962026461958885 
0.00946376658976078 
0.02055206522345543 
0.033562250435352325 
0.009149694815278053 
0.021389691159129143 
0.040571510791778564 
0.03059285320341587 
0.050254274159669876 
0.05437038838863373 
0.017404286190867424 
0.04861777275800705 
0.04914465546607971 
0.03953855484724045 
0.05370810627937317 
0.050128672271966934 
0.018548138439655304 
0.07071757316589355 
0.0244912002235651 
0.027137842029333115 
0.027893751859664917 
0.02163052186369896 
0.02521657571196556 
0.022942183539271355 
0.02091091498732567 
0.021350165829062462 
0.023082174360752106 
0.033777911216020584 
0.02228216826915741 
0.03690508008003235 
0.03149181231856346 
0.02955852448940277 
0.018086308613419533 
0.016814958304166794 
0.03308051824569702 
0.021124575287103653 
0.01942756585776806 
0.03014460764825344 
0.019023312255740166 
0.015682853758335114 
0.022534767165780067 
0.010240874253213406 
0.04015713930130005 
0.024319754913449287 
0.044297028332948685 
0.025150790810585022 
0.033406082540750504 
0.016421053558588028 
0.02887813374400139 
0.0331399142742157 
0.04386189579963684 
0.025614365935325623 
0.02082330361008644 
0.016109256073832512 
0.014102834276854992 
0.023148441687226295 
0.03614378720521927 
0.030527682974934578 
0.019738098606467247 
0.034047119319438934 
0.03435727208852768 
0.03106091357767582 
0.03840673714876175 
0.02702944353222847 
0.017649773508310318 
0.019009651616215706 
0.02297096699476242 
0.026126280426979065 
0.035174574702978134 
0.03233286738395691 
0.01964319497346878 
0.026120297610759735 
0.027555808424949646 
0.02929568476974964 
0.031658899039030075 
0.010021057911217213 
0.028946232050657272 
0.025022093206644058 
0.028028419241309166 
0.016126837581396103 
0.013004624284803867 
0.012044568546116352 
0.029811253771185875 
0.019962672144174576 
0.006977770011872053 
0.02388330176472664 
0.014358703047037125 
0.013184815645217896 
0.0166605357080698 
0.02083093300461769 
0.01571502536535263 
0.015553776174783707 
0.015395622700452805 
0.01590956188738346 
0.016476929187774658 
0.010028377175331116 
0.02211429923772812 
0.006580304820090532 
0.030230127274990082 
0.019684674218297005 
0.018294692039489746 
0.024683527648448944 
0.01516771875321865 
0.015257196500897408 
0.01704569347202778 
0.026220111176371574 
0.022173888981342316 
0.01361010316759348 
0.01203327439725399 
0.02115320786833763 
0.01480369083583355 
0.01720740646123886 
0.01277752686291933 
0.01799025945365429 
0.012284191325306892 
0.00558708980679512 
0.023149974644184113 
0.010220535099506378 
0.014313522726297379 
0.028551368042826653 
0.01992768421769142 
0.03321792557835579 
0.0156971737742424 
0.01827811822295189 
0.014178617857396603 
0.016496747732162476 
0.03141443431377411 
0.012939393520355225 
0.017803123220801353 
0.029451901093125343 
0.027854900807142258 
0.016457410529255867 
0.03086104802787304 
0.0221733245998621 
0.020755290985107422 
0.012679396197199821 
0.015888618305325508 
0.013494350016117096 
0.021724378690123558 
0.01654897630214691 
0.013235488906502724 
0.01322934590280056 
0.022709552198648453 
0.019831214100122452 
0.010680138133466244 
0.026413526386022568 
0.019229475408792496 
0.018224764615297318 
0.021653003990650177 
0.011496033519506454 
0.039983294904232025 
0.019829057157039642 
0.02288186550140381 
0.009120222181081772 
0.026841916143894196 
0.017598357051610947 
0.01279852632433176 
0.0062325457111001015 
0.010300791822373867 
0.018853746354579926 
0.02202885039150715 
0.01219842117279768 
0.014516632072627544 
0.020497489720582962 
0.029340200126171112 
0.014403628185391426 
0.007962822914123535 
0.025180701166391373 
0.027024660259485245 
0.017532624304294586 
0.01443809550255537 
0.04799266904592514 
0.025469081476330757 
0.012318378314375877 
0.015133722685277462 
0.03528490662574768 
0.015333615243434906 
0.022307313978672028 
0.04377386346459389 
0.013230417855083942 
0.015643509104847908 
0.017334748059511185 
0.015654949471354485 
0.020197339355945587 
0.023934969678521156 
0.012132802046835423 
0.013108735904097557 
0.022801034152507782 
0.0182994045317173 
0.01644643023610115 
0.0119773643091321 
0.008805479854345322 
0.020385021343827248 
0.010557702742516994 
0.00987420417368412 
0.010065176524221897 
0.024980107322335243 
0.017139500007033348 
0.020094318315386772 
0.021843815222382545 
0.021124279126524925 
0.02315998077392578 
0.009784257039427757 
0.005252682603895664 
0.025945890694856644 
0.02877836301922798 
0.018717655912041664 
0.011347382329404354 
0.02321920543909073 
0.0066881258971989155 
0.021556038409471512 
0.019563641399145126 
0.020530976355075836 
0.013417350128293037 
0.023289330303668976 
0.011558490805327892 
0.014278275892138481 
0.013852481730282307 
0.024659980088472366 
0.013242007233202457 
0.018439356237649918 
0.016121430322527885 
0.013302200473845005 
0.016941482201218605 
0.011149939149618149 
0.01494293287396431 
0.008829978294670582 
0.013215488754212856 
0.01651795580983162 
0.01946738362312317 
0.00873706117272377 
0.014148651622235775 
0.02019997127354145 
0.016318826004862785 
0.01074349507689476 
0.01340427715331316 
0.015122183598577976 
0.019121039658784866 
0.008683992549777031 
0.02711455151438713 
0.014623584225773811 
0.02005176618695259 
0.017590802162885666 
0.013195089064538479 
0.03423580899834633 
0.01807883009314537 
0.020650308579206467 
0.01890646293759346 
0.02283378504216671 
0.019727487117052078 
0.029796183109283447 
0.016158059239387512 
0.012632160447537899 
0.01727260835468769 
0.02785486727952957 
0.015848306939005852 
0.019043466076254845 
0.027518514543771744 
0.02496323548257351 
0.016787666827440262 
0.016161154955625534 
0.03472716361284256 
0.02802363410592079 
0.03246242552995682 
0.02197284623980522 
0.014394261874258518 
0.013171520084142685 
0.013952833600342274 
0.03171539679169655 
0.03954172134399414 
0.02797676995396614 
0.03632733225822449 
0.021043207496404648 
0.020215537399053574 
0.01829240657389164 
0.01656261458992958 
0.014598960056900978 
0.015877610072493553 
0.030499054118990898 
0.018284764140844345 
0.027290981262922287 
0.012025709263980389 
0.008969878777861595 
0.006897492799907923 
0.024489358067512512 
0.011526227928698063 
0.010080710053443909 
0.018049536272883415 
0.028014710173010826 
0.01907923072576523 
0.01789005845785141 
0.028648637235164642 
0.016517583280801773 
0.014660252258181572 
0.012587475590407848 
0.02578267827630043 
0.02873801440000534 
0.03198813647031784 
0.017602840438485146 
0.01033327728509903 
0.018314503133296967 
0.014205912128090858 
0.011249950155615807 
0.011029131710529327 
0.014588438905775547 
0.013358193449676037 
0.020691288635134697 
0.01754692755639553 
0.00624498538672924 
0.012495948001742363 
0.023214377462863922 
0.02118876203894615 
0.00972500629723072 
0.021321678534150124 
0.050848860293626785 
0.01908896304666996 
0.017790785059332848 
0.027361437678337097 
0.02514311857521534 
0.025210823863744736 
0.02284860610961914 
0.02274029143154621 
0.014190321788191795 
0.03032248467206955 
0.027513545006513596 
0.029043368995189667 
0.008336256258189678 
0.012265977449715137 
0.03970254957675934 
0.02632557787001133 
0.0171367134898901 
0.02818191424012184 
0.06397136300802231 
0.019058292731642723 
0.016305595636367798 
0.04671861231327057 
0.03690938279032707 
0.0158664733171463 
0.01616740971803665 
0.060388922691345215 
0.02239673212170601 
0.022017771378159523 
0.02294173091650009 
0.06640134006738663 
0.03947671875357628 
0.028307512402534485 
0.025889430195093155 
0.03204376995563507 
0.04269295185804367 
0.02539467252790928 
0.03201983869075775 
0.04178904742002487 
0.039226070046424866 
0.022235404700040817 
0.03656382113695145 
0.03429284691810608 
0.027009863406419754 
0.01738891936838627 
0.032739561051130295 
0.013792543672025204 
0.02745061367750168 
0.04357164353132248 
0.05491369962692261 
0.02528180181980133 
0.01588326506316662 
0.017570381984114647 
0.020308110862970352 
0.016237419098615646 
0.02157258614897728 
0.029244473204016685 
0.024386247619986534 
0.018411941826343536 
